JOINT_COUNT: 28
FRAME_LENGTH: 81

mixamorig:Hips
0.76736 0.0252214 0.640721 0 0.126068 0.973789 -0.189318 0 -0.628702 0.226049 0.744067 0 -8.92829 -90.7112 14.8931 1 
0.767522 0.0256807 0.640508 0 0.125427 0.973867 -0.189345 0 -0.628632 0.225663 0.744243 0 -8.9158 -90.7167 14.9144 1 
0.768054 0.0268503 0.639822 0 0.123961 0.97399 -0.189678 0 -0.628273 0.224996 0.744748 0 -8.82082 -90.725 14.9744 1 
0.768727 0.0292198 0.63891 0 0.121256 0.97418 -0.190447 0 -0.627978 0.223873 0.745335 0 -8.59307 -90.7342 15.1012 1 
0.778842 0.0318653 0.62641 0 0.115376 0.974388 -0.193018 0 -0.616517 0.222603 0.755218 0 -8.0451 -90.7748 15.2871 1 
0.791687 0.0344857 0.609953 0 0.108573 0.97457 -0.196023 0 -0.601201 0.221413 0.76781 0 -7.41124 -90.8223 15.476 1 
0.803957 0.037388 0.593512 0 0.101608 0.97471 -0.199038 0 -0.585943 0.220323 0.779825 0 -6.76231 -90.8622 15.6937 1 
0.813725 0.0411599 0.579791 0 0.0948039 0.974734 -0.202252 0 -0.573467 0.219544 0.789263 0 -6.12843 -90.873 16.0302 1 
0.819401 0.0462466 0.571352 0 0.0881839 0.974705 -0.205363 0 -0.566397 0.218659 0.794596 0 -5.50625 -90.8538 16.5222 1 
0.814979 0.0535722 0.577009 0 0.081999 0.975038 -0.206344 0 -0.57366 0.21548 0.790242 0 -4.8963 -90.8534 17.1111 1 
0.813816 0.0603589 0.577979 0 0.0761989 0.97492 -0.209103 0 -0.576105 0.214213 0.788807 0 -4.39622 -90.8562 17.7023 1 
0.816079 0.0649127 0.574283 0 0.07314 0.974083 -0.214038 0 -0.573293 0.216675 0.790181 0 -4.24384 -90.8107 18.2784 1 
0.818313 0.0695122 0.570555 0 0.0699119 0.973252 -0.218844 0 -0.570506 0.218972 0.791564 0 -4.07481 -90.7643 18.8329 1 
0.820654 0.0740517 0.566607 0 0.0667204 0.972368 -0.223717 0 -0.567517 0.221399 0.793036 0 -3.91142 -90.7134 19.3851 1 
0.823007 0.0785733 0.56257 0 0.0635798 0.971421 -0.22869 0 -0.564461 0.223982 0.794491 0 -3.75702 -90.6579 19.9403 1 
0.825276 0.0831194 0.55858 0 0.0605071 0.970401 -0.233797 0 -0.561479 0.226745 0.795819 0 -3.61516 -90.5975 20.5037 1 
0.827364 0.0877313 0.554772 0 0.0575224 0.969297 -0.23907 0 -0.558713 0.22971 0.796915 0 -3.48968 -90.5319 21.0806 1 
0.829181 0.0924477 0.551282 0 0.054648 0.968098 -0.244542 0 -0.556302 0.232896 0.797676 0 -3.38464 -90.4606 21.6759 1 
0.83071 0.0972814 0.548141 0 0.0518558 0.966812 -0.250173 0 -0.554286 0.236245 0.798095 0 -3.29979 -90.385 22.2878 1 
0.830882 0.10261 0.546907 0 0.0499036 0.96515 -0.256895 0 -0.554207 0.240742 0.796805 0 -3.34236 -90.2908 23.0001 1 
0.828583 0.108743 0.549205 0 0.0498101 0.962748 -0.265773 0 -0.557646 0.247571 0.7923 0 -3.69316 -90.1674 23.8944 1 
0.826343 0.114648 0.551374 0 0.050107 0.960208 -0.274753 0 -0.560933 0.254668 0.787717 0 -4.0805 -90.0328 24.7985 1 
0.825627 0.119355 0.551448 0 0.0506975 0.957722 -0.283193 0 -0.561934 0.261769 0.78467 0 -4.45741 -89.8935 25.6566 1 
0.825988 0.122612 0.550191 0 0.0521402 0.955253 -0.291158 0 -0.561271 0.26918 0.782634 0 -4.87596 -89.7409 26.4752 1 
0.827151 0.124828 0.547941 0 0.0540973 0.952805 -0.298725 0 -0.55937 0.276733 0.78136 0 -5.31712 -89.5825 27.2587 1 
0.830027 0.124638 0.543619 0 0.0572302 0.95053 -0.305314 0 -0.554779 0.28453 0.781833 0 -5.80135 -89.4257 27.9548 1 
0.838165 0.12019 0.532009 0 0.0616428 0.948293 -0.311352 0 -0.541921 0.293759 0.787418 0 -6.3019 -89.2374 28.5995 1 
0.84748 0.121558 0.516722 0 0.0590791 0.94578 -0.31939 0 -0.52753 0.301204 0.794348 0 -6.0302 -89.0468 29.4184 1 
0.85436 0.127441 0.503813 0 0.0525478 0.943311 -0.327723 0 -0.517018 0.306467 0.799231 0 -5.32519 -88.8799 30.2681 1 
0.858346 0.133807 0.495317 0 0.0462585 0.94128 -0.334443 0 -0.510982 0.30998 0.801754 0 -4.59925 -88.7453 30.9864 1 
0.854584 0.138547 0.500492 0 0.0436683 0.94117 -0.3351 0 -0.517475 0.308226 0.798258 0 -4.07929 -88.7067 31.2089 1 
0.850327 0.139084 0.507544 0 0.0449113 0.941746 -0.333313 0 -0.524335 0.306219 0.794545 0 -3.91399 -88.6719 31.217 1 
0.845839 0.139137 0.514973 0 0.0464526 0.942505 -0.330947 0 -0.531411 0.30385 0.790745 0 -3.77088 -88.64 31.1782 1 
0.840613 0.138284 0.523686 0 0.048009 0.944031 -0.326344 0 -0.539504 0.299471 0.786926 0 -3.60388 -88.6541 30.9549 1 
0.833566 0.134489 0.535798 0 0.0498777 0.947628 -0.315458 0 -0.550163 0.289679 0.783203 0 -3.44243 -88.7845 30.2317 1 
0.827417 0.131087 0.546074 0 0.0517383 0.950446 -0.306553 0 -0.559199 0.2819 0.779634 0 -3.37021 -88.8837 29.6862 1 
0.823073 0.12778 0.553375 0 0.0531071 0.952776 -0.298995 0 -0.565447 0.275483 0.777418 0 -3.35086 -88.9715 29.1898 1 
0.824312 0.124386 0.552302 0 0.053524 0.954073 -0.294755 0 -0.563599 0.272531 0.779796 0 -3.50347 -89.0508 28.7752 1 
0.826975 0.122889 0.548645 0 0.0529907 0.954441 -0.293655 0 -0.559736 0.271919 0.782787 0 -3.67641 -89.0928 28.5797 1 
0.833862 0.124389 0.537775 0 0.0520756 0.952203 -0.300994 0 -0.549512 0.278993 0.787528 0 -3.90193 -88.9691 29.0581 1 
0.844882 0.126216 0.51985 0 0.0510775 0.948295 -0.313252 0 -0.532508 0.291214 0.794751 0 -4.1542 -88.7215 29.9335 1 
0.86109 0.126438 0.49248 0 0.0485791 0.943698 -0.327222 0 -0.506126 0.305692 0.806467 0 -4.3046 -88.4309 30.9032 1 
0.886392 0.122942 0.446312 0 0.0429753 0.938076 -0.343754 0 -0.460936 0.323881 0.826219 0 -4.24378 -88.0844 31.9847 1 
0.913553 0.11845 0.38909 0 0.032827 0.932057 -0.36082 0 -0.405394 0.342401 0.847595 0 -3.76281 -87.7255 33.0243 1 
0.937847 0.114843 0.327498 0 0.0182306 0.926057 -0.376944 0 -0.346571 0.359486 0.866405 0 -2.77636 -87.3847 33.8613 1 
0.955854 0.113224 0.271151 0 0.00143064 0.920978 -0.389612 0 -0.293838 0.3728 0.880158 0 -1.41979 -87.123 34.2921 1 
0.966743 0.11409 0.228891 0 -0.0144276 0.917886 -0.396582 0 -0.255342 0.380091 0.889006 0 0.0457613 -87.0081 34.1229 1 
0.972596 0.115103 0.202012 0 -0.0262813 0.917716 -0.396367 0 -0.231013 0.380196 0.895591 0 1.29144 -87.1177 33.2877 1 
0.976987 0.114919 0.179693 0 -0.0359089 0.919042 -0.39252 0 -0.210253 0.377035 0.902019 0 2.35915 -87.3526 32.1537 1 
0.981187 0.11175 0.157432 0 -0.0429707 0.921402 -0.386227 0 -0.188219 0.372195 0.90887 0 3.07792 -87.6691 31.0314 1 
0.981241 0.107114 0.160291 0 -0.0387475 0.924052 -0.380297 0 -0.188853 0.366952 0.910868 0 2.64097 -87.928 30.2953 1 
0.977643 0.102128 0.183803 0 -0.0269719 0.927814 -0.372066 0 -0.208533 0.35879 0.909826 0 1.6197 -88.1971 29.5759 1 
0.965523 0.096774 0.241662 0 -0.00377711 0.933442 -0.358707 0 -0.260291 0.345427 0.901625 0 -0.190938 -88.4794 28.7432 1 
0.945891 0.0911829 0.311411 0 0.0221798 0.939292 -0.3424 0 -0.323727 0.33078 0.886445 0 -2.18582 -88.7266 27.7861 1 
0.918604 0.0850979 0.385907 0 0.0483177 0.945026 -0.323406 0 -0.392213 0.315728 0.863993 0 -4.15839 -88.9362 26.6708 1 
0.884496 0.0783671 0.459919 0 0.0729182 0.950456 -0.302185 0 -0.460814 0.300818 0.834961 0 -5.96987 -89.1156 25.3856 1 
0.845818 0.0710033 0.528725 0 0.0946176 0.955423 -0.279668 0 -0.525013 0.286575 0.801396 0 -7.51202 -89.2739 23.9575 1 
0.805937 0.0629372 0.588647 0 0.112623 0.959874 -0.256824 0 -0.581191 0.273279 0.766509 0 -8.72039 -89.432 22.409 1 
0.767994 0.0526433 0.638291 0 0.127228 0.964214 -0.232605 0 -0.627693 0.259847 0.733812 0 -9.51389 -89.6886 20.5081 1 
0.736486 0.0426243 0.675109 0 0.137636 0.967694 -0.211246 0 -0.662303 0.248499 0.706826 0 -9.93885 -89.9284 18.7228 1 
0.718345 0.0357308 0.694769 0 0.143335 0.969652 -0.198066 0 -0.680761 0.241864 0.691423 0 -10.1111 -90.0336 17.6289 1 
0.710953 0.030441 0.702581 0 0.146348 0.970785 -0.190154 0 -0.687843 0.238012 0.685727 0 -10.1397 -90.0851 16.9318 1 
0.705808 0.0256388 0.707939 0 0.148696 0.97172 -0.18344 0 -0.692621 0.234741 0.682035 0 -10.1655 -90.1357 16.3046 1 
0.705715 0.0218781 0.708158 0 0.149863 0.972298 -0.179384 0 -0.692465 0.232721 0.682886 0 -10.2218 -90.1998 15.8638 1 
0.707377 0.0184637 0.706596 0 0.15068 0.972741 -0.176265 0 -0.690589 0.231156 0.685313 0 -10.259 -90.2585 15.5148 1 
0.709549 0.0151633 0.704493 0 0.151392 0.973141 -0.173424 0 -0.688201 0.229708 0.688196 0 -10.2963 -90.3157 15.1918 1 
0.714395 0.0124253 0.699633 0 0.151578 0.973354 -0.172063 0 -0.683128 0.22897 0.693475 0 -10.3228 -90.362 15.0062 1 
0.72199 0.0129818 0.691782 0 0.148943 0.973468 -0.173715 0 -0.675682 0.228456 0.7009 0 -10.1406 -90.3987 15.0728 1 
0.728746 0.0150544 0.684619 0 0.145059 0.973676 -0.17582 0 -0.669244 0.227438 0.707378 0 -9.83039 -90.4376 15.1687 1 
0.735371 0.0173343 0.677443 0 0.14101 0.973877 -0.177987 0 -0.662832 0.226413 0.713716 0 -9.50432 -90.4751 15.2683 1 
0.741891 0.0197403 0.670231 0 0.136861 0.974065 -0.180183 0 -0.656405 0.225405 0.719948 0 -9.16894 -90.5112 15.3701 1 
0.748353 0.0221164 0.662932 0 0.132741 0.974233 -0.182347 0 -0.649883 0.224458 0.726134 0 -8.83677 -90.5459 15.4697 1 
0.749638 0.0225854 0.661462 0 0.131921 0.974264 -0.182773 0 -0.648567 0.224274 0.727366 0 -8.77076 -90.5527 15.4891 1 
0.749638 0.0225854 0.661462 0 0.131921 0.974264 -0.182773 0 -0.648567 0.224274 0.727366 0 -8.77076 -90.5527 15.4891 1 
0.749638 0.0225854 0.661462 0 0.131921 0.974264 -0.182773 0 -0.648567 0.224274 0.727366 0 -8.77076 -90.5527 15.4891 1 
0.749638 0.0225854 0.661462 0 0.131921 0.974264 -0.182773 0 -0.648567 0.224274 0.727366 0 -8.77076 -90.5527 15.4891 1 
0.749638 0.0225854 0.661462 0 0.131921 0.974264 -0.182773 0 -0.648567 0.224274 0.727366 0 -8.77076 -90.5527 15.4891 1 
0.749638 0.0225854 0.661462 0 0.131921 0.974264 -0.182773 0 -0.648567 0.224274 0.727366 0 -8.77076 -90.5527 15.4891 1 
0.749638 0.0225854 0.661462 0 0.131921 0.974264 -0.182773 0 -0.648567 0.224274 0.727366 0 -8.77076 -90.5527 15.4891 1 
0.749638 0.0225854 0.661462 0 0.131921 0.974264 -0.182773 0 -0.648567 0.224274 0.727366 0 -8.77076 -90.5527 15.4891 1 
0.749638 0.0225854 0.661462 0 0.131921 0.974264 -0.182773 0 -0.648567 0.224274 0.727366 0 -8.77076 -90.5527 15.4891 1 

mixamorig:Spine
0.766238 0.021955 0.642182 0 0.040054 0.99584 -0.0818376 0 -0.641307 0.088429 0.762171 0 -0.085584 -92.533 3.83617 1 
0.766158 0.0226311 0.642254 0 0.0395 0.995832 -0.0822105 0 -0.641438 0.0883552 0.76207 0 -0.081509 -92.5305 3.89377 1 
0.766438 0.024428 0.641854 0 0.0378288 0.995825 -0.083071 0 -0.641203 0.0879493 0.762314 0 0.0347787 -92.5262 4.0087 1 
0.767018 0.0278131 0.641023 0 0.034535 0.995822 -0.0845304 0 -0.640696 0.086974 0.762853 0 0.322147 -92.5156 4.20634 1 
0.777591 0.0329567 0.627906 0 0.0285492 0.995745 -0.0876183 0 -0.628122 0.0860574 0.773341 0 0.877533 -92.5271 4.44296 1 
0.790978 0.0384531 0.610635 0 0.0218216 0.995615 -0.0909625 0 -0.611455 0.0852744 0.78667 0 1.49964 -92.5429 4.664 1 
0.803809 0.0445819 0.593215 0 0.0146324 0.995404 -0.0946348 0 -0.594707 0.0847485 0.799463 0 2.16705 -92.5474 4.94611 1 
0.814215 0.052862 0.578152 0 0.00640743 0.994967 -0.0999962 0 -0.580528 0.0851228 0.809778 0 2.94117 -92.5128 5.49893 1 
0.820749 0.0635161 0.567748 0 -0.00301147 0.994267 -0.106879 0 -0.571281 0.0860111 0.816235 0 3.84325 -92.4284 6.37272 1 
0.818008 0.0747087 0.570335 0 -0.0125324 0.993609 -0.112179 0 -0.57507 0.0846156 0.813716 0 4.7843 -92.3306 7.39654 1 
0.81817 0.0830509 0.568948 0 -0.0194866 0.99295 -0.116921 0 -0.574647 0.0845745 0.81402 0 5.39393 -92.2812 8.18428 1 
0.820711 0.0875937 0.564589 0 -0.0220216 0.992293 -0.121939 0 -0.570919 0.0876432 0.816315 0 5.48991 -92.2561 8.76565 1 
0.823209 0.0923537 0.560177 0 -0.0248884 0.991602 -0.126906 0 -0.567193 0.0905282 0.818594 0 5.61908 -92.2259 9.33351 1 
0.825764 0.0970318 0.555607 0 -0.0276966 0.990878 -0.131884 0 -0.563335 0.0935168 0.820919 0 5.74057 -92.1931 9.89356 1 
0.828312 0.101606 0.550978 0 -0.0303815 0.990117 -0.136914 0 -0.559443 0.0966679 0.823212 0 5.84576 -92.1584 10.4517 1 
0.830786 0.106053 0.546395 0 -0.0328742 0.989315 -0.142037 0 -0.55562 0.10004 0.825396 0 5.92567 -92.1223 11.0137 1 
0.833124 0.110346 0.541967 0 -0.0351026 0.98847 -0.147294 0 -0.551971 0.10369 0.827391 0 5.97105 -92.0854 11.5859 1 
0.835266 0.114459 0.5378 0 -0.0369945 0.987576 -0.152728 0 -0.5486 0.107673 0.829123 0 5.97262 -92.0481 12.1739 1 
0.837202 0.118442 0.533915 0 -0.0386134 0.986632 -0.158324 0 -0.54553 0.111933 0.830583 0 5.93421 -92.0108 12.7787 1 
0.838234 0.121233 0.531663 0 -0.0380113 0.985593 -0.16481 0 -0.543984 0.117941 0.830766 0 5.6259 -91.9861 13.4618 1 
0.837653 0.12149 0.53252 0 -0.03281 0.984381 -0.172968 0 -0.545216 0.127415 0.828555 0 4.72691 -91.9952 14.2745 1 
0.837153 0.121453 0.533314 0 -0.0271696 0.983066 -0.181227 0 -0.546293 0.137225 0.826276 0 3.78638 -91.997 15.097 1 
0.837865 0.121746 0.532129 0 -0.0223946 0.981658 -0.189333 0 -0.545419 0.146719 0.825222 0 2.97583 -91.9774 15.914 1 
0.839516 0.121859 0.529493 0 -0.0177629 0.980159 -0.197414 0 -0.543044 0.156327 0.825024 0 2.22599 -91.9324 16.7381 1 
0.841862 0.12189 0.525748 0 -0.0133926 0.97858 -0.20543 0 -0.539527 0.165903 0.825462 0 1.5332 -91.8702 17.5616 1 
0.845727 0.121722 0.519547 0 -0.00963943 0.976962 -0.213196 0 -0.533528 0.175298 0.827416 0 0.981423 -91.7857 18.3727 1 
0.854372 0.122038 0.50513 0 -0.008074 0.975034 -0.221909 0 -0.5196 0.185514 0.834027 0 0.769078 -91.6302 19.2867 1 
0.863386 0.128608 0.487877 0 -0.013624 0.972558 -0.232263 0 -0.504359 0.193886 0.841445 0 1.34361 -91.4442 20.3404 1 
0.869586 0.138547 0.473946 0 -0.0224915 0.969947 -0.242275 0 -0.493269 0.200019 0.846568 0 2.2856 -91.2639 21.3607 1 
0.872988 0.148621 0.464548 0 -0.0312249 0.96752 -0.250857 0 -0.486742 0.204489 0.849274 0 3.25989 -91.0904 22.2686 1 
0.868954 0.156757 0.469411 0 -0.0367386 0.966325 -0.254689 0 -0.493528 0.204067 0.845451 0 4.07988 -90.9436 22.817 1 
0.86423 0.161558 0.476452 0 -0.0388587 0.965643 -0.25695 0 -0.501595 0.20355 0.840815 0 4.59301 -90.7831 23.2423 1 
0.859131 0.166091 0.484053 0 -0.0406618 0.965032 -0.258958 0 -0.510137 0.202797 0.835843 0 5.08282 -90.6143 23.655 1 
0.852562 0.170749 0.493947 0 -0.0424605 0.964629 -0.260168 0 -0.520899 0.200836 0.829656 0 5.60113 -90.4364 24.0345 1 
0.842086 0.174082 0.510477 0 -0.0430164 0.965141 -0.258171 0 -0.537626 0.195443 0.82022 0 6.02858 -90.2621 24.241 1 
0.832987 0.17459 0.525025 0 -0.0415364 0.965964 -0.255318 0 -0.551731 0.190869 0.811888 0 6.15464 -90.1656 24.3318 1 
0.826102 0.174248 0.535904 0 -0.0398585 0.966679 -0.252871 0 -0.562109 0.187537 0.805521 0 6.15441 -90.0967 24.373 1 
0.826188 0.17183 0.536551 0 -0.0379715 0.967173 -0.251267 0 -0.562113 0.18722 0.805591 0 5.85675 -90.1019 24.2362 1 
0.828792 0.169783 0.533178 0 -0.0355494 0.966908 -0.252638 0 -0.558427 0.19043 0.8074 0 5.38189 -90.0913 24.2975 1 
0.837628 0.169399 0.51931 0 -0.0320208 0.96429 -0.262904 0 -0.545301 0.203587 0.813141 0 4.69316 -89.949 25.071 1 
0.851499 0.168795 0.496444 0 -0.0285121 0.960274 -0.277598 0 -0.52358 0.222219 0.822485 0 3.96582 -89.7115 26.187 1 
0.870025 0.16675 0.463952 0 -0.0269745 0.955755 -0.292926 0 -0.49227 0.242338 0.836028 0 3.38766 -89.4477 27.2878 1 
0.896521 0.161497 0.412516 0 -0.0292963 0.950759 -0.308544 0 -0.442032 0.264531 0.857106 0 3.09705 -89.1787 28.2696 1 
0.923788 0.155383 0.349959 0 -0.0360893 0.945226 -0.324417 0 -0.381199 0.287062 0.878796 0 3.2179 -88.8828 29.1839 1 
0.946804 0.151059 0.284153 0 -0.0482308 0.93962 -0.338805 0 -0.318175 0.307077 0.896921 0 3.93924 -88.5921 29.8436 1 
0.9625 0.15081 0.225501 0 -0.0649087 0.935118 -0.348339 0 -0.263403 0.320639 0.90984 0 5.27593 -88.3897 29.9554 1 
0.9711 0.155155 0.181364 0 -0.0832357 0.932325 -0.351913 0 -0.223691 0.326646 0.918294 0 6.98937 -88.2998 29.4391 1 
0.974898 0.162329 0.152395 0 -0.100629 0.931785 -0.348785 0 -0.198617 0.324694 0.924729 0 8.7988 -88.3626 28.3054 1 
0.977065 0.169913 0.12835 0 -0.117181 0.932304 -0.342166 0 -0.177799 0.319278 0.930832 0 10.5741 -88.5046 26.888 1 
0.978669 0.175528 0.106758 0 -0.131097 0.933662 -0.3333 0 -0.15818 0.312194 0.936757 0 12.001 -88.7079 25.5057 1 
0.977961 0.17551 0.113085 0 -0.130247 0.93616 -0.326558 0 -0.16318 0.304632 0.938388 0 11.9228 -88.9419 24.689 1 
0.974997 0.171688 0.141086 0 -0.1197 0.940673 -0.3175 0 -0.187226 0.292673 0.937704 0 11.0414 -89.2755 23.8856 1 
0.965372 0.16157 0.204821 0 -0.0945821 0.948476 -0.302403 0 -0.243127 0.272559 0.930914 0 9.04807 -89.7608 22.8729 1 
0.948117 0.148752 0.280974 0 -0.0661597 0.956755 -0.283271 0 -0.31096 0.249985 0.916957 0 6.81578 -90.2344 21.6254 1 
0.922506 0.134054 0.361956 0 -0.0380311 0.964758 -0.260378 0 -0.384104 0.226434 0.895093 0 4.65491 -90.6528 20.1118 1 
0.889141 0.11816 0.442116 0 -0.0125756 0.972036 -0.234496 0 -0.45746 0.20294 0.865763 0 2.77131 -90.9977 18.3531 1 
0.850277 0.101954 0.516367 0 0.00850379 0.978271 -0.207157 0 -0.526267 0.180532 0.830934 0 1.30715 -91.2635 16.4377 1 
0.809481 0.0863143 0.580768 0 0.0244256 0.983329 -0.180188 0 -0.586638 0.160044 0.793877 0 0.324971 -91.464 14.4756 1 
0.770419 0.0710291 0.633569 0 0.035711 0.987406 -0.154122 0 -0.636537 0.141364 0.75818 0 -0.118502 -91.6791 12.3965 1 
0.738054 0.0576585 0.672273 0 0.0429581 0.990306 -0.132097 0 -0.673372 0.126374 0.728422 0 -0.213261 -91.8493 10.5526 1 
0.719655 0.0481171 0.692663 0 0.0468978 0.991949 -0.117633 0 -0.692746 0.117139 0.711604 0 -0.202637 -91.9151 9.33208 1 
0.712592 0.0410119 0.700379 0 0.0492732 0.992899 -0.108273 0 -0.699847 0.111665 0.705511 0 -0.165707 -91.9435 8.48802 1 
0.708275 0.0341633 0.705109 0 0.0519538 0.993597 -0.100328 0 -0.704022 0.107693 0.701965 0 -0.227173 -91.9684 7.73408 1 
0.709232 0.0276481 0.704433 0 0.0546775 0.994063 -0.0940658 0 -0.702851 0.105231 0.70351 0 -0.445678 -92.0208 7.06488 1 
0.711662 0.0212171 0.702202 0 0.0570476 0.994497 -0.0878651 0 -0.700202 0.102589 0.706536 0 -0.643895 -92.0763 6.39832 1 
0.714521 0.0149394 0.699454 0 0.0593367 0.994876 -0.0818641 0 -0.697093 0.0999969 0.709973 0 -0.844558 -92.1288 5.7499 1 
0.719761 0.0097653 0.694154 0 0.0611646 0.995121 -0.0774202 0 -0.691523 0.0981816 0.715651 0 -1.04049 -92.176 5.2474 1 
0.726798 0.00962417 0.686784 0 0.0597346 0.995228 -0.0771614 0 -0.684249 0.0971055 0.722754 0 -0.98136 -92.2105 5.11964 1 
0.732687 0.0115885 0.680467 0 0.0567371 0.995334 -0.0780419 0 -0.678197 0.095788 0.728611 0 -0.761003 -92.2381 5.09255 1 
0.738424 0.0138268 0.674195 0 0.053551 0.99543 -0.0790675 0 -0.672207 0.0944891 0.734309 0 -0.522287 -92.264 5.07773 1 
0.744054 0.0162241 0.667923 0 0.0502588 0.995513 -0.0801689 0 -0.666226 0.0932189 0.7399 0 -0.273537 -92.2886 5.06984 1 
0.749659 0.0185616 0.661565 0 0.047024 0.995586 -0.081219 0 -0.660152 0.0919959 0.745477 0 -0.0308762 -92.3127 5.05771 1 
0.750777 0.0190191 0.660282 0 0.0463842 0.9956 -0.0814191 0 -0.658925 0.0917542 0.746591 0 0.0168705 -92.3175 5.05456 1 
0.750777 0.0190191 0.660282 0 0.0463842 0.9956 -0.0814191 0 -0.658925 0.0917542 0.746591 0 0.0168705 -92.3175 5.05456 1 
0.750777 0.0190191 0.660282 0 0.0463842 0.9956 -0.0814191 0 -0.658925 0.0917542 0.746591 0 0.0168705 -92.3175 5.05456 1 
0.750777 0.0190191 0.660282 0 0.0463842 0.9956 -0.0814191 0 -0.658925 0.0917542 0.746591 0 0.0168705 -92.3175 5.05456 1 
0.750777 0.0190191 0.660282 0 0.0463842 0.9956 -0.0814191 0 -0.658925 0.0917542 0.746591 0 0.0168705 -92.3175 5.05456 1 
0.750777 0.0190191 0.660282 0 0.0463842 0.9956 -0.0814191 0 -0.658925 0.0917542 0.746591 0 0.0168705 -92.3175 5.05456 1 
0.750777 0.0190191 0.660282 0 0.0463842 0.9956 -0.0814191 0 -0.658925 0.0917542 0.746591 0 0.0168705 -92.3175 5.05456 1 
0.750777 0.0190191 0.660282 0 0.0463842 0.9956 -0.0814191 0 -0.658925 0.0917542 0.746591 0 0.0168705 -92.3175 5.05456 1 
0.750777 0.0190191 0.660282 0 0.0463842 0.9956 -0.0814191 0 -0.658925 0.0917542 0.746591 0 0.0168705 -92.3175 5.05456 1 

mixamorig:Spine1
0.766658 0.00876009 0.641996 0 -0.13282 0.980442 0.145233 0 -0.628168 -0.196614 0.752827 0 19.606 -90.0901 -22.0478 1 
0.76598 0.00968062 0.642792 0 -0.13342 0.980509 0.144223 0 -0.628867 -0.196233 0.752342 0 19.6165 -90.0974 -21.9163 1 
0.765589 0.0123939 0.643211 0 -0.135564 0.980473 0.142464 0 -0.628885 -0.196265 0.752319 0 19.7871 -90.0901 -21.6979 1 
0.765703 0.0168533 0.642973 0 -0.139429 0.980236 0.140349 0 -0.6279 -0.197115 0.752919 0 20.1382 -90.0527 -21.4254 1 
0.776671 0.0256226 0.629386 0 -0.143799 0.980001 0.137553 0 -0.613274 -0.197338 0.764822 0 20.5044 -90.0465 -21.2257 1 
0.790565 0.0352032 0.611366 0 -0.148075 0.97971 0.135064 0 -0.594207 -0.197305 0.779736 0 20.8412 -90.0442 -21.1064 1 
0.803792 0.0461772 0.593116 0 -0.153348 0.979375 0.131568 0 -0.574807 -0.196706 0.794294 0 21.2837 -90.0352 -20.849 1 
0.814172 0.0614053 0.577367 0 -0.16178 0.979003 0.124013 0 -0.557629 -0.194375 0.807012 0 22.0743 -90.0102 -20.052 1 
0.820386 0.0816563 0.56595 0 -0.174432 0.978313 0.111699 0 -0.544555 -0.190356 0.816838 0 23.3357 -89.9306 -18.5672 1 
0.819087 0.101189 0.564675 0 -0.189164 0.976909 0.0993302 0 -0.541584 -0.188176 0.819314 0 24.8555 -89.7529 -16.7505 1 
0.821018 0.11276 0.559657 0 -0.197049 0.976028 0.0924218 0 -0.535819 -0.18616 0.823555 0 25.5591 -89.6819 -15.7266 1 
0.824285 0.117184 0.553915 0 -0.197934 0.976256 0.0880138 0 -0.530449 -0.182187 0.827908 0 25.4631 -89.76 -15.2204 1 
0.827354 0.121821 0.548311 0 -0.19922 0.976376 0.0836796 0 -0.525164 -0.178467 0.832077 0 25.4084 -89.8244 -14.7298 1 
0.830405 0.126284 0.542661 0 -0.200394 0.976492 0.0794104 0 -0.519875 -0.174689 0.83619 0 25.3402 -89.8895 -14.2554 1 
0.833443 0.130466 0.536984 0 -0.201314 0.976638 0.0751725 0 -0.514631 -0.170755 0.840236 0 25.241 -89.9603 -13.7924 1 
0.836473 0.134254 0.531309 0 -0.201836 0.976848 0.0709279 0 -0.509485 -0.166566 0.844204 0 25.093 -90.0419 -13.3352 1 
0.8395 0.137533 0.525666 0 -0.201809 0.977155 0.0666353 0 -0.504493 -0.162025 0.848077 0 24.8781 -90.1391 -12.8782 1 
0.842531 0.140186 0.520086 0 -0.201087 0.977593 0.0622548 0 -0.499705 -0.157034 0.851842 0 24.5784 -90.2569 -12.4158 1 
0.845614 0.142168 0.514515 0 -0.199632 0.978164 0.0578163 0 -0.49506 -0.151604 0.85553 0 24.1858 -90.396 -11.9492 1 
0.848794 0.140734 0.50965 0 -0.194226 0.979525 0.0529886 0 -0.491757 -0.143964 0.858749 0 23.3262 -90.6507 -11.4637 1 
0.852714 0.130904 0.505711 0 -0.179403 0.982596 0.0481568 0 -0.490606 -0.13179 0.861358 0 21.3254 -91.1592 -11.0441 1 
0.856492 0.120859 0.501811 0 -0.164289 0.985472 0.0430641 0 -0.489316 -0.119326 0.863905 0 19.3001 -91.6495 -10.5965 1 
0.860509 0.113744 0.496575 0 -0.151938 0.987695 0.0370515 0 -0.48625 -0.107332 0.867203 0 17.6211 -92.0533 -10.0305 1 
0.864813 0.109123 0.490092 0 -0.141756 0.989452 0.0298322 0 -0.481667 -0.0952729 0.87116 0 16.2338 -92.3875 -9.31636 1 
0.869378 0.106198 0.482601 0 -0.133168 0.990852 0.0218549 0 -0.475865 -0.0832673 0.875568 0 15.0552 -92.6724 -8.50844 1 
0.874589 0.107768 0.472737 0 -0.128749 0.991603 0.0121398 0 -0.467458 -0.0714817 0.88112 0 14.4221 -92.8632 -7.48519 1 
0.882694 0.11937 0.454535 0 -0.132815 0.991138 -0.00236948 0 -0.45079 -0.0582777 0.890726 0 14.8454 -92.8773 -5.91854 1 
0.88982 0.135429 0.435752 0 -0.142312 0.989676 -0.0169783 0 -0.433552 -0.0469052 0.899907 0 15.8646 -92.8105 -4.38443 1 
0.893964 0.151757 0.421661 0 -0.153667 0.987677 -0.0296773 0 -0.420968 -0.0382651 0.906268 0 17.086 -92.7035 -3.06053 1 
0.895669 0.167144 0.412116 0 -0.165064 0.985433 -0.0409275 0 -0.412954 -0.0313679 0.910211 0 18.3598 -92.5546 -1.85131 1 
0.890581 0.179433 0.417934 0 -0.174821 0.983347 -0.0496546 0 -0.419884 -0.0288424 0.907119 0 19.6639 -92.3117 -0.745803 1 
0.88401 0.190896 0.426714 0 -0.183369 0.981266 -0.0591002 0 -0.430002 -0.0260011 0.902453 0 20.9147 -91.9969 0.499914 1 
0.876572 0.202636 0.436533 0 -0.191839 0.978982 -0.0692196 0 -0.441384 -0.0230681 0.897022 0 22.171 -91.6433 1.84004 1 
0.866211 0.215775 0.450688 0 -0.200793 0.97624 -0.0814741 0 -0.457559 -0.0199212 0.888956 0 23.5173 -91.2075 3.48602 1 
0.847285 0.229502 0.478996 0 -0.207836 0.973177 -0.0986439 0 -0.488786 -0.0159731 0.872257 0 24.7166 -90.6439 5.90158 1 
0.831325 0.235546 0.503406 0 -0.20897 0.971761 -0.1096 0 -0.515006 -0.0140831 0.857071 0 25.1674 -90.3053 7.58844 1 
0.818529 0.239187 0.522302 0 -0.208019 0.970905 -0.118625 0 -0.535479 -0.0115503 0.844469 0 25.2723 -90.0699 8.95689 1 
0.816042 0.237972 0.526731 0 -0.203989 0.971245 -0.122768 0 -0.5408 -0.00726375 0.841119 0 24.742 -90.0681 9.48561 1 
0.81787 0.236095 0.524737 0 -0.197084 0.971726 -0.130028 0 -0.540599 0.00292933 0.841275 0 23.7638 -90.1595 10.2233 1 
0.830869 0.233536 0.505091 0 -0.184907 0.971966 -0.145232 0 -0.524848 0.0272741 0.850758 0 22.0837 -90.3711 11.5488 1 
0.850699 0.229146 0.47308 0 -0.171319 0.971706 -0.162597 0 -0.496952 0.0572731 0.865886 0 20.1939 -90.5914 12.9518 1 
0.874319 0.223019 0.431079 0 -0.159668 0.970906 -0.178458 0 -0.458336 0.0871997 0.884491 0 18.4462 -90.7774 14.0973 1 
0.904134 0.213728 0.369949 0 -0.151617 0.970032 -0.189867 0 -0.399442 0.115575 0.909444 0 16.9525 -90.9954 14.5855 1 
0.933048 0.203189 0.296876 0 -0.146953 0.968504 -0.20101 0 -0.328369 0.143925 0.93352 0 15.7421 -91.1722 14.9502 1 
0.955133 0.195155 0.222791 0 -0.148497 0.966384 -0.209883 0 -0.256261 0.167382 0.952005 0 15.2319 -91.289 14.9765 1 
0.967758 0.193708 0.161003 0 -0.157639 0.964324 -0.212673 0 -0.196456 0.180435 0.963768 0 15.6954 -91.3644 14.3203 1 
0.97313 0.199367 0.115197 0 -0.172417 0.962528 -0.209313 0 -0.152611 0.183826 0.971039 0 16.9925 -91.3816 13.0151 1 
0.973688 0.211271 0.0854186 0 -0.190988 0.961025 -0.199887 0 -0.12432 0.178313 0.976088 0 18.9272 -91.3239 11.166 1 
0.972362 0.225109 0.061955 0 -0.210205 0.959541 -0.187334 0 -0.101619 0.169133 0.98034 0 21.0006 -91.2258 9.07631 1 
0.970327 0.237286 0.0464793 0 -0.226068 0.958488 -0.173762 0 -0.0857812 0.158099 0.98369 0 22.6573 -91.1417 7.16583 1 
0.968304 0.242259 0.0608102 0 -0.229509 0.959031 -0.166087 0 -0.098555 0.146867 0.984234 0 23.087 -91.1418 6.24853 1 
0.965787 0.240619 0.0967386 0 -0.224133 0.96209 -0.155395 0 -0.130462 0.128396 0.983104 0 22.8148 -91.2927 5.26303 1 
0.95924 0.227517 0.167618 0 -0.206081 0.969041 -0.135978 0 -0.193366 0.0958925 0.976429 0 21.6459 -91.652 3.76 1 
0.94503 0.209814 0.25079 0 -0.186942 0.975959 -0.11206 0 -0.268273 0.0590168 0.961533 0 20.4912 -91.9375 1.9716 1 
0.921779 0.188957 0.338555 0 -0.170205 0.981775 -0.0845406 0 -0.348359 0.0203039 0.937141 0 19.6478 -92.0723 -0.0609612 1 
0.889771 0.166188 0.425075 0 -0.157932 0.985924 -0.0548725 0 -0.428211 -0.0183091 0.903493 0 19.2845 -92.0263 -2.23864 1 
0.851136 0.142984 0.505097 0 -0.151075 0.988202 -0.0251663 0 -0.502736 -0.0548878 0.862695 0 19.4569 -91.8091 -4.40735 1 
0.809458 0.120841 0.574609 0 -0.149286 0.988791 0.00235562 0 -0.567883 -0.0876876 0.818425 0 20.0983 -91.4725 -6.41294 1 
0.768587 0.0998245 0.631909 0 -0.150079 0.988321 0.0264117 0 -0.621893 -0.115136 0.774592 0 21.0421 -91.1498 -8.24115 1 
0.734641 0.0815472 0.673538 0 -0.151849 0.987329 0.046086 0 -0.661245 -0.136133 0.737714 0 21.9816 -90.8634 -9.7984 1 
0.716213 0.0682254 0.694539 0 -0.152942 0.986362 0.0608235 0 -0.680917 -0.149787 0.716879 0 22.5672 -90.6221 -11.0402 1 
0.710412 0.0583944 0.70136 0 -0.15225 0.985705 0.072146 0 -0.687121 -0.158035 0.709147 0 22.7944 -90.4616 -12.1045 1 
0.708306 0.0498784 0.704142 0 -0.150011 0.985353 0.0810995 0 -0.689782 -0.163072 0.705413 0 22.7805 -90.3648 -12.9738 1 
0.712347 0.0413313 0.70061 0 -0.145382 0.985302 0.0896911 0 -0.686605 -0.165747 0.707885 0 22.3411 -90.3585 -13.9122 1 
0.717368 0.0316573 0.695975 0 -0.14072 0.984961 0.100243 0 -0.682335 -0.169849 0.711035 0 21.8785 -90.3234 -15.0765 1 
0.722621 0.0220757 0.690892 0 -0.136036 0.984486 0.110826 0 -0.677727 -0.174071 0.714412 0 21.4019 -90.2759 -16.2485 1 
0.729827 0.0142183 0.683484 0 -0.131521 0.984027 0.119968 0 -0.670861 -0.177448 0.72004 0 20.897 -90.2401 -17.2877 1 
0.736215 0.0123599 0.676635 0 -0.13018 0.983747 0.123673 0 -0.664109 -0.179134 0.725859 0 20.641 -90.2297 -17.8052 1 
0.740824 0.012528 0.671583 0 -0.1305 0.983459 0.125609 0 -0.6589 -0.180696 0.730205 0 20.5575 -90.2123 -18.1496 1 
0.745177 0.0129686 0.666741 0 -0.130988 0.98318 0.127274 0 -0.653876 -0.182176 0.734342 0 20.4901 -90.1958 -18.467 1 
0.749403 0.0135641 0.661976 0 -0.131558 0.982906 0.128793 0 -0.648913 -0.183606 0.738377 0 20.4302 -90.18 -18.7694 1 
0.753665 0.0140936 0.657107 0 -0.132032 0.982637 0.130357 0 -0.64386 -0.185005 0.74244 0 20.3598 -90.1653 -19.0756 1 
0.75453 0.0141886 0.656113 0 -0.132115 0.982582 0.130684 0 -0.64283 -0.185287 0.743262 0 20.3444 -90.1623 -19.138 1 
0.75453 0.0141886 0.656113 0 -0.132115 0.982582 0.130684 0 -0.64283 -0.185287 0.743262 0 20.3444 -90.1623 -19.138 1 
0.75453 0.0141886 0.656113 0 -0.132115 0.982582 0.130684 0 -0.64283 -0.185287 0.743262 0 20.3444 -90.1623 -19.138 1 
0.75453 0.0141886 0.656113 0 -0.132115 0.982582 0.130684 0 -0.64283 -0.185287 0.743262 0 20.3444 -90.1623 -19.138 1 
0.75453 0.0141886 0.656113 0 -0.132115 0.982582 0.130684 0 -0.64283 -0.185287 0.743262 0 20.3444 -90.1623 -19.138 1 
0.75453 0.0141886 0.656113 0 -0.132115 0.982582 0.130684 0 -0.64283 -0.185287 0.743262 0 20.3444 -90.1623 -19.138 1 
0.75453 0.0141886 0.656113 0 -0.132115 0.982582 0.130684 0 -0.64283 -0.185287 0.743262 0 20.3444 -90.1623 -19.138 1 
0.75453 0.0141886 0.656113 0 -0.132115 0.982582 0.130684 0 -0.64283 -0.185287 0.743262 0 20.3444 -90.1623 -19.138 1 
0.75453 0.0141886 0.656113 0 -0.132115 0.982582 0.130684 0 -0.64283 -0.185287 0.743262 0 20.3444 -90.1623 -19.138 1 

mixamorig:Spine2
0.768528 -0.00394526 0.639804 0 -0.295259 0.88495 0.360119 0 -0.567616 -0.465669 0.678944 0 40.2246 -77.4956 -49.3334 1 
0.767236 -0.0030582 0.641358 0 -0.2961 0.885352 0.358437 0 -0.568923 -0.464912 0.678368 0 40.2666 -77.546 -49.1157 1 
0.766041 0.000217549 0.642791 0 -0.298796 0.885514 0.355788 0 -0.569123 -0.464612 0.678405 0 40.5075 -77.5645 -48.7835 1 
0.765527 0.00550084 0.64338 0 -0.303097 0.88514 0.353072 0 -0.567539 -0.465293 0.679265 0 40.9131 -77.5095 -48.4345 1 
0.776269 0.0180109 0.630145 0 -0.305423 0.885186 0.350946 0 -0.551474 -0.464889 0.692643 0 41.0163 -77.5386 -48.3223 1 
0.789992 0.0319425 0.612284 0 -0.306784 0.885231 0.349642 0 -0.530844 -0.464054 0.709125 0 40.9789 -77.5786 -48.3566 1 
0.802769 0.0477035 0.59438 0 -0.309554 0.885294 0.347032 0 -0.509646 -0.462579 0.725453 0 41.0992 -77.6199 -48.2147 1 
0.811841 0.0686725 0.579826 0 -0.317227 0.885583 0.339279 0 -0.490184 -0.459377 0.740737 0 41.7887 -77.6781 -47.3961 1 
0.815699 0.0958861 0.570475 0 -0.331536 0.885626 0.325194 0 -0.474045 -0.454393 0.754194 0 43.2558 -77.6906 -45.6902 1 
0.812291 0.121405 0.570477 0 -0.349593 0.884272 0.309594 0 -0.46687 -0.450915 0.760728 0 45.1922 -77.5191 -43.4674 1 
0.813558 0.136612 0.565209 0 -0.357876 0.883748 0.30152 0 -0.45831 -0.447578 0.76787 0 45.9417 -77.4943 -42.2996 1 
0.817803 0.142254 0.557639 0 -0.356994 0.885404 0.297682 0 -0.45139 -0.442519 0.77487 0 45.6184 -77.7557 -41.8709 1 
0.821793 0.148126 0.550196 0 -0.356579 0.886855 0.293835 0 -0.444419 -0.43766 0.78163 0 45.3445 -77.9911 -41.4473 1 
0.825768 0.153761 0.542646 0 -0.356021 0.88832 0.290064 0 -0.437442 -0.432718 0.788288 0 45.0531 -78.2295 -41.0412 1 
0.829789 0.158961 0.53496 0 -0.3551 0.889883 0.286379 0 -0.430529 -0.427598 0.794862 0 44.7169 -78.4824 -40.6534 1 
0.83391 0.163524 0.527118 0 -0.353592 0.891631 0.282784 0 -0.423753 -0.422201 0.801361 0 44.3081 -78.7617 -40.284 1 
0.83819 0.167244 0.519103 0 -0.35127 0.893652 0.279278 0 -0.41719 -0.416433 0.807797 0 43.7986 -79.0791 -39.9322 1 
0.842683 0.169906 0.510899 0 -0.347905 0.896028 0.275854 0 -0.41091 -0.410202 0.814179 0 43.16 -79.4461 -39.597 1 
0.84748 0.171369 0.502405 0 -0.34334 0.898784 0.272589 0 -0.40484 -0.403509 0.820539 0 42.3695 -79.866 -39.2854 1 
0.853517 0.167322 0.49347 0 -0.333128 0.903441 0.269854 0 -0.400669 -0.394713 0.826841 0 40.8966 -80.5439 -39.0732 1 
0.863068 0.149351 0.482502 0 -0.308606 0.912163 0.269669 0 -0.399844 -0.381646 0.833349 0 37.662 -81.7776 -39.2552 1 
0.871995 0.13114 0.471623 0 -0.283865 0.920381 0.268922 0 -0.398806 -0.368375 0.839793 0 34.4114 -82.9537 -39.3707 1 
0.879783 0.118066 0.460481 0 -0.263645 0.927226 0.265975 0 -0.395568 -0.355404 0.846885 0 31.7304 -83.9508 -39.2039 1 
0.886938 0.109408 0.448744 0 -0.247131 0.933188 0.260932 0 -0.390215 -0.342329 0.854718 0 29.5356 -84.8245 -38.7755 1 
0.893608 0.104352 0.43655 0 -0.233768 0.938479 0.254185 0 -0.383168 -0.329193 0.863026 0 27.7469 -85.608 -38.1324 1 
0.899008 0.110572 0.423744 0 -0.230185 0.942467 0.242428 0 -0.372559 -0.315484 0.872737 0 27.2171 -86.2128 -36.8566 1 
0.905112 0.132118 0.404126 0 -0.238002 0.945061 0.224086 0 -0.352318 -0.299005 0.88683 0 28.1123 -86.6181 -34.8088 1 
0.909225 0.156842 0.385631 0 -0.25071 0.945794 0.206444 0 -0.332348 -0.284385 0.899261 0 29.5354 -86.8327 -32.8929 1 
0.910476 0.17992 0.372375 0 -0.264968 0.945108 0.191213 0 -0.317532 -0.272762 0.908171 0 31.1223 -86.8953 -31.2499 1 
0.909533 0.200848 0.363883 0 -0.279323 0.943686 0.1773 0 -0.307781 -0.262901 0.914414 0 32.7696 -86.8535 -29.7043 1 
0.901936 0.216691 0.373573 0 -0.293634 0.941999 0.162531 0 -0.316686 -0.256286 0.913251 0 34.6564 -86.6665 -27.8298 1 
0.891386 0.234187 0.388056 0 -0.30943 0.940036 0.143476 0 -0.331187 -0.247968 0.910399 0 36.8366 -86.373 -25.3593 1 
0.879402 0.252251 0.40376 0 -0.325365 0.937567 0.122907 0 -0.347548 -0.239454 0.906571 0 39.0509 -86.0019 -22.687 1 
0.863905 0.271719 0.424073 0 -0.342429 0.934321 0.0989305 0 -0.369339 -0.230681 0.900208 0 41.438 -85.5082 -19.5464 1 
0.83937 0.290158 0.459637 0 -0.358135 0.931328 0.0660866 0 -0.408897 -0.220083 0.885644 0 43.7529 -84.9621 -15.1326 1 
0.819054 0.298516 0.489938 0 -0.363712 0.930608 0.0410223 0 -0.443694 -0.211795 0.870792 0 44.782 -84.7214 -11.6449 1 
0.802548 0.303638 0.513537 0 -0.364673 0.930932 0.0194755 0 -0.472154 -0.202903 0.857846 0 45.1417 -84.6459 -8.67737 1 
0.798667 0.302224 0.520376 0 -0.358042 0.933677 0.00725952 0 -0.483669 -0.192115 0.853906 0 44.289 -84.9611 -7.11726 1 
0.800168 0.299847 0.519445 0 -0.347154 0.937785 -0.00656556 0 -0.489096 -0.175074 0.854479 0 42.8116 -85.526 -5.54275 1 
0.816342 0.296445 0.495688 0 -0.328097 0.944328 -0.0244144 0 -0.47533 -0.142703 0.868157 0 40.2586 -86.5543 -3.88823 1 
0.840711 0.290418 0.457014 0 -0.305584 0.951224 -0.0423281 0 -0.447016 -0.104071 0.888452 0 37.2318 -87.7012 -2.42601 1 
0.868695 0.282166 0.407126 0 -0.284233 0.957069 -0.0568375 0 -0.405685 -0.0663442 0.911602 0 34.2448 -88.7477 -1.46323 1 
0.902424 0.270169 0.335618 0 -0.264772 0.962271 -0.0626885 0 -0.339892 -0.0322904 0.93991 0 31.2868 -89.7504 -1.69323 1 
0.932667 0.256857 0.253291 0 -0.248154 0.966449 -0.0663056 0 -0.261824 -0.00101413 0.965115 0 28.5416 -90.6606 -2.29366 1 
0.953779 0.246482 0.171907 0 -0.238264 0.96887 -0.0672343 0 -0.183128 0.0231674 0.982816 0 26.5628 -91.3586 -3.28206 1 
0.964107 0.243863 0.105015 0 -0.238232 0.969138 -0.0633846 0 -0.117231 0.0360916 0.992448 0 25.8459 -91.731 -4.78357 1 
0.966296 0.250905 0.057606 0 -0.247892 0.967244 -0.0546584 0 -0.0694331 0.0385361 0.996842 0 26.4831 -91.7336 -6.76914 1 
0.963113 0.267606 0.0282837 0 -0.26638 0.963007 -0.0407354 0 -0.0381384 0.0316986 0.998769 0 28.4009 -91.3233 -9.18663 1 
0.957749 0.287526 0.00669988 0 -0.287298 0.957545 -0.0238189 0 -0.013264 0.0208877 0.999694 0 30.6862 -90.7128 -11.8268 1 
0.952219 0.305413 -0.001268 0 -0.305415 0.952198 -0.00631384 0 -0.000720933 0.0063994 0.999979 0 32.6341 -90.0736 -14.2309 1 
0.949066 0.314322 0.0218363 0 -0.314433 0.949278 0.00176799 0 -0.020173 -0.00854401 0.99976 0 33.7849 -89.6247 -15.1954 1 
0.947136 0.31397 0.0660023 0 -0.315483 0.948833 0.013635 0 -0.0583441 -0.0337368 0.997726 0 34.3422 -89.3177 -16.326 1 
0.943894 0.297391 0.143607 0 -0.30542 0.951498 0.0370274 0 -0.12563 -0.0788105 0.988942 0 34.2002 -89.112 -18.3298 1 
0.932968 0.274302 0.233089 0 -0.296431 0.952826 0.0652035 0 -0.204207 -0.129927 0.970267 0 34.3468 -88.6646 -20.6527 1 
0.912364 0.246725 0.32668 0 -0.291876 0.951577 0.096483 0 -0.287056 -0.183377 0.940197 0 35.0621 -87.878 -23.1535 1 
0.882092 0.216446 0.418409 0 -0.293453 0.947281 0.128624 0 -0.36851 -0.236241 0.899105 0 36.4682 -86.7357 -25.6326 1 
0.844177 0.18554 0.502933 0 -0.301317 0.940189 0.158913 0 -0.443367 -0.285693 0.849591 0 38.5185 -85.3066 -27.8602 1 
0.802203 0.15611 0.576281 0 -0.313986 0.931267 0.184807 0 -0.507821 -0.329197 0.796082 0 41.0024 -83.7433 -29.6421 1 
0.760238 0.128526 0.636804 0 -0.327179 0.922593 0.204391 0 -0.561241 -0.363735 0.743441 0 43.526 -82.366 -30.8849 1 
0.725456 0.104778 0.680247 0 -0.338049 0.915161 0.219554 0 -0.599531 -0.389233 0.699328 0 45.6238 -81.2535 -31.8548 1 
0.707628 0.0876859 0.701123 0 -0.343847 0.909588 0.233279 0 -0.617278 -0.406154 0.6738 0 46.8065 -80.4214 -32.9602 1 
0.703571 0.0755751 0.706595 0 -0.344358 0.906042 0.245977 0 -0.621615 -0.416384 0.66349 0 47.185 -79.8902 -34.1964 1 
0.703894 0.0662499 0.707209 0 -0.342141 0.904149 0.255839 0 -0.622473 -0.422049 0.659092 0 47.1721 -79.5963 -35.1813 1 
0.711265 0.0569864 0.70061 0 -0.335326 0.903494 0.266937 0 -0.617785 -0.424796 0.661732 0 46.4528 -79.5131 -36.4409 1 
0.719396 0.0452838 0.693123 0 -0.328116 0.901674 0.281644 0 -0.612217 -0.430038 0.663519 0 45.6645 -79.2885 -38.1339 1 
0.727557 0.0335431 0.685226 0 -0.320758 0.899544 0.296539 0 -0.606444 -0.435541 0.665229 0 44.8463 -79.0287 -39.8543 1 
0.737085 0.0237673 0.675382 0 -0.313181 0.897602 0.310206 0 -0.598852 -0.440165 0.669052 0 43.9508 -78.8027 -41.4686 1 
0.743224 0.0197365 0.668752 0 -0.30903 0.896674 0.31698 0 -0.593396 -0.442251 0.672529 0 43.3384 -78.7098 -42.3739 1 
0.747062 0.0175283 0.664523 0 -0.306786 0.895921 0.32126 0 -0.589729 -0.443867 0.674686 0 42.93 -78.6341 -43.0131 1 
0.750544 0.0155549 0.660637 0 -0.304733 0.895227 0.325126 0 -0.586363 -0.445339 0.676647 0 42.5409 -78.5656 -43.6074 1 
0.753871 0.0137196 0.65688 0 -0.302759 0.894562 0.328779 0 -0.583109 -0.446733 0.678538 0 42.1589 -78.501 -44.1782 1 
0.757276 0.0118224 0.652989 0 -0.300654 0.893902 0.332486 0 -0.579777 -0.448107 0.680484 0 41.762 -78.4374 -44.7539 1 
0.75798 0.0114346 0.652178 0 -0.300215 0.893765 0.333248 0 -0.579084 -0.448389 0.680889 0 41.6805 -78.4243 -44.8711 1 
0.75798 0.0114346 0.652178 0 -0.300215 0.893765 0.333248 0 -0.579084 -0.448389 0.680889 0 41.6805 -78.4243 -44.8711 1 
0.75798 0.0114346 0.652178 0 -0.300215 0.893765 0.333248 0 -0.579084 -0.448389 0.680889 0 41.6805 -78.4243 -44.8711 1 
0.75798 0.0114346 0.652178 0 -0.300215 0.893765 0.333248 0 -0.579084 -0.448389 0.680889 0 41.6805 -78.4243 -44.8711 1 
0.75798 0.0114346 0.652178 0 -0.300215 0.893765 0.333248 0 -0.579084 -0.448389 0.680889 0 41.6805 -78.4243 -44.8711 1 
0.75798 0.0114346 0.652178 0 -0.300215 0.893765 0.333248 0 -0.579084 -0.448389 0.680889 0 41.6805 -78.4243 -44.8711 1 
0.75798 0.0114346 0.652178 0 -0.300215 0.893765 0.333248 0 -0.579084 -0.448389 0.680889 0 41.6805 -78.4243 -44.8711 1 
0.75798 0.0114346 0.652178 0 -0.300215 0.893765 0.333248 0 -0.579084 -0.448389 0.680889 0 41.6805 -78.4243 -44.8711 1 
0.75798 0.0114346 0.652178 0 -0.300215 0.893765 0.333248 0 -0.579084 -0.448389 0.680889 0 41.6805 -78.4243 -44.8711 1 

mixamorig:Neck
0.831182 0.0703401 0.551534 0 -0.311075 0.881012 0.356441 0 -0.460836 -0.467836 0.754162 0 42.4399 -76.9026 -48.8907 1 
0.830413 0.0719073 0.55249 0 -0.312375 0.881206 0.354821 0 -0.461343 -0.467231 0.754226 0 42.547 -76.9231 -48.6824 1 
0.830487 0.0746615 0.552011 0 -0.313154 0.882131 0.351822 0 -0.460679 -0.465048 0.755979 0 42.5146 -77.0518 -48.302 1 
0.831628 0.0772622 0.549932 0 -0.311528 0.884688 0.346811 0 -0.459723 -0.459737 0.7598 0 42.0759 -77.4194 -47.6286 1 
0.842351 0.0796083 0.533017 0 -0.302269 0.88861 0.344972 0 -0.446182 -0.451702 0.772585 0 40.5285 -78.0102 -47.5585 1 
0.855512 0.0813244 0.511357 0 -0.290701 0.892691 0.344378 0 -0.428478 -0.443271 0.787348 0 38.6487 -78.6353 -47.6945 1 
0.868048 0.0841773 0.489292 0 -0.279806 0.897048 0.342074 0 -0.410123 -0.433843 0.802234 0 36.8219 -79.2991 -47.5971 1 
0.878592 0.0908429 0.468855 0 -0.271998 0.902139 0.334906 0 -0.392548 -0.421773 0.817321 0 35.3054 -80.0534 -46.8641 1 
0.885955 0.102536 0.452294 0 -0.268984 0.90807 0.321025 0 -0.377798 -0.406074 0.832089 0 34.3042 -80.9184 -45.1912 1 
0.886974 0.115386 0.447173 0 -0.270701 0.914399 0.300992 0 -0.374164 -0.388021 0.842283 0 33.9141 -81.8567 -42.3404 1 
0.890501 0.122781 0.438102 0 -0.268793 0.91887 0.288838 0 -0.367095 -0.374969 0.851257 0 33.2123 -82.5533 -40.5935 1 
0.896154 0.1263 0.425389 0 -0.264593 0.921667 0.283763 0 -0.356228 -0.36685 0.859373 0 32.4139 -82.98 -39.9911 1 
