JC: 28
FC: 81

N: mixamorig:Hips
P: -1
M: 1 2.72849e-09 -5.82077e-09 0 -2.72848e-09 1 4.94765e-07 0 5.82077e-09 -4.94765e-07 1 0 0.403279 -92.2787 -3.81052 1 

N: mixamorig:Spine
P: 0
M: 1 3.09189e-09 -5.63615e-09 0 -2.72848e-09 0.99799 0.0633746 0 5.82077e-09 -0.0633746 0.99799 0 0.403279 -101.939 -9.65094 1 

N: mixamorig:Spine1
P: 1
M: 1 3.09189e-09 -5.63615e-09 0 -2.72848e-09 0.99799 0.0633746 0 5.82077e-09 -0.0633746 0.99799 0 0.403279 -113.708 -9.65094 1 

N: mixamorig:Spine2
P: 2
M: 1 3.09189e-09 -5.63615e-09 0 -2.72848e-09 0.99799 0.0633746 0 5.82077e-09 -0.0633746 0.99799 0 0.403279 -127.157 -9.65094 1 

N: mixamorig:Neck
P: 3
M: 1 2.72849e-09 -5.82077e-09 0 -2.72848e-09 1 4.94765e-07 0 5.82077e-09 -4.94765e-07 1 0 0.403279 -142.614 -0.614142 1 

N: mixamorig:Head
P: 4
M: 1 2.72849e-09 -5.82077e-09 0 -2.72848e-09 1 4.94765e-07 0 5.82077e-09 -4.94765e-07 1 0 0.403279 -148.338 -2.5083 1 

N: mixamorig:LeftShoulder
P: 3
M: 0.0176426 0.942982 -0.332377 0 -0.0627091 -0.33073 -0.94164 0 -0.997876 0.037456 0.0532986 0 9.57301 40.4259 134.303 1 

N: mixamorig:LeftArm
P: 6
M: -0.02344 0.997377 -0.0684855 0 -0.0482467 -0.069553 -0.996411 0 -0.99856 -0.0200516 0.0497504 0 8.42261 -10.236 136.528 1 

N: mixamorig:LeftForeArm
P: 7
M: 0.0382013 0.99814 0.047519 0 -0.05245 0.049491 -0.997396 0 -0.997892 0.0356094 0.0542431 0 6.35125 -49.3323 131.698 1 

N: mixamorig:LeftHand
P: 8
M: 0.178421 0.983741 -0.0204699 0 -0.0449556 -0.0126319 -0.998909 0 -0.982927 0.179147 0.0419709 0 -3.88808 -63.1466 136.385 1 

N: mixamorig:LeftHandIndex1
P: 9
M: -0.228144 0.972387 -0.049128 0 -0.0362052 -0.0588968 -0.997607 0 -0.972954 -0.225819 0.0486424 0 24.9869 -63.2631 138.308 1 

N: mixamorig:LeftHandIndex2
P: 10
M: -0.228144 0.972387 -0.049128 0 -0.0362052 -0.0588968 -0.997607 0 -0.972954 -0.225819 0.0486424 0 24.9869 -67.2485 138.308 1 

N: mixamorig:LeftHandIndex3
P: 11
M: -0.228144 0.972387 -0.049128 0 -0.0362052 -0.0588968 -0.997607 0 -0.972954 -0.225819 0.0486424 0 27.0623 -73.4226 138.688 1 

N: mixamorig:RightShoulder
P: 3
M: -0.0614354 -0.942982 0.327125 0 0.0623488 -0.33073 -0.941664 0 0.996162 -0.0374556 0.0791123 0 -9.54203 39.7113 134.556 1 

N: mixamorig:RightArm
P: 13
M: -0.00947187 -0.99757 0.0690267 0 0.0804469 -0.0695663 -0.994328 0 0.996714 -0.00386516 0.0809103 0 -10.9299 -11.0716 136.397 1 

N: mixamorig:RightForeArm
P: 14
M: -0.0408771 -0.997769 -0.0527862 0 0.0782166 0.0494728 -0.995708 0 0.996098 -0.0448304 0.0760198 0 -11.9985 -50.0972 131.276 1 

N: mixamorig:RightHand
P: 15
M: -0.017939 -0.997902 0.062209 0 0.0770591 -0.0634139 -0.995008 0 0.996865 -0.0130557 0.078035 0 -10.3176 -57.7121 138.821 1 

N: mixamorig:RightHandIndex1
P: 16
M: -0.238016 -0.970197 -0.0454566 0 0.0611405 0.0317422 -0.997624 0 0.969335 -0.24023 0.0517632 0 -24.786 -77.6798 131.028 1 

N: mixamorig:RightHandIndex2
P: 17
M: -0.238016 -0.970197 -0.0454566 0 0.0611405 0.0317422 -0.997624 0 0.969335 -0.24023 0.0517632 0 -24.786 -81.4688 131.028 1 

N: mixamorig:RightHandIndex3
P: 18
M: -0.238016 -0.970197 -0.0454566 0 0.0611405 0.0317422 -0.997624 0 0.969335 -0.24023 0.0517632 0 -26.5968 -87.0243 130.279 1 

N: mixamorig:LeftUpLeg
P: 0
M: -0.993192 0.116486 -1.15785e-08 0 -0.115065 -0.981076 -0.155726 0 -0.01814 -0.154666 0.9878 0 20.1012 84.4036 10.0319 1 

N: mixamorig:LeftLeg
P: 20
M: -0.999455 0.0329542 -0.00213257 0 -0.0326203 -0.995257 -0.0916457 0 -0.00514257 -0.0915262 0.995789 0 16.3807 45.73 7.09358 1 

N: mixamorig:LeftFoot
P: 21
M: -0.998457 0.0554979 -0.00180627 0 -0.0368778 -0.638443 0.768785 0 0.0415128 0.767666 0.639505 0 16.695 11.3528 -5.34981 1 

N: mixamorig:LeftToeBase
P: 22
M: -0.962911 0.224981 0.148952 0 0.169106 0.073031 0.982888 0 0.210253 0.971622 -0.108368 0 14.6685 -11.5031 -2.13675 1 

N: mixamorig:RightUpLeg
P: 0
M: -0.993098 -0.117291 -4.33163e-09 0 0.116671 -0.987851 -0.10266 0 0.012041 -0.101951 0.994716 0 -21.0187 84.7 5.43898 1 

N: mixamorig:RightLeg
P: 24
M: -0.999453 -0.033037 0.00124213 0 0.0328857 -0.997328 -0.0652343 0 0.00339395 -0.0651578 0.997869 0 -17.2114 46.0123 3.71284 1 

N: mixamorig:RightFoot
P: 25
M: -0.998479 -0.0551219 0.00106384 0 0.0358136 -0.633816 0.772654 0 -0.0419159 0.771517 0.634826 0 -17.3622 8.91383 -7.38488 1 

N: mixamorig:RightToeBase
P: 26
M: -0.965119 -0.217647 -0.145518 0 -0.164246 0.070489 0.983898 0 -0.203885 0.973479 -0.103778 0 -14.8767 -14.7254 -1.89416 1 

mixamorig:Hips
0.767359 0.0252214 0.640721 0 0.126068 0.973789 -0.189318 0 -0.628702 0.22605 0.744067 0 0 0 0 1 
0.767522 0.0256807 0.640508 0 0.125427 0.973867 -0.189346 0 -0.628632 0.225664 0.744243 0 -0.0465045 1.03764e-08 0.0194814 1 
0.768054 0.0268503 0.639822 0 0.123961 0.97399 -0.189679 0 -0.628273 0.224996 0.744748 0 -0.0856454 2.71394e-08 0.0509535 1 
0.768727 0.0292198 0.63891 0 0.121257 0.97418 -0.190447 0 -0.627978 0.223874 0.745335 0 -0.106591 0.00319754 0.109379 1 
0.778842 0.0318653 0.62641 0 0.115376 0.974388 -0.193019 0 -0.616517 0.222604 0.755218 0 -0.0616863 -0.0241554 0.100727 1 
0.791687 0.0344857 0.609953 0 0.108573 0.97457 -0.196023 0 -0.601202 0.221414 0.76781 0 -0.00239825 -0.060442 0.0670278 1 
0.803956 0.037388 0.593512 0 0.101609 0.97471 -0.199038 0 -0.585943 0.220324 0.779825 0 0.0570368 -0.0927656 0.0589189 1 
0.813725 0.0411599 0.579791 0 0.0948042 0.974734 -0.202253 0 -0.573467 0.219545 0.789263 0 0.106608 -0.105856 0.140207 1 
0.819401 0.0462466 0.571352 0 0.0881842 0.974705 -0.205364 0 -0.566397 0.218659 0.794596 0 0.142558 -0.0948002 0.368957 1 
0.814979 0.0535721 0.577009 0 0.0819993 0.975038 -0.206344 0 -0.57366 0.21548 0.790242 0 0.155889 -0.0786963 0.848411 1 
0.813816 0.0603589 0.577979 0 0.0761992 0.97492 -0.209103 0 -0.576105 0.214213 0.788807 0 0.111895 -0.0998963 1.17919 1 
0.816079 0.0649127 0.574283 0 0.0731403 0.974083 -0.214038 0 -0.573293 0.216676 0.790181 0 -0.00819268 -0.124081 1.30664 1 
0.818313 0.0695122 0.570555 0 0.0699122 0.973252 -0.218845 0 -0.570506 0.218972 0.791564 0 -0.127332 -0.147519 1.4244 1 
0.820654 0.0740517 0.566607 0 0.0667206 0.972368 -0.223718 0 -0.567517 0.221399 0.793036 0 -0.248014 -0.170841 1.53415 1 
0.823007 0.0785733 0.56257 0 0.0635801 0.971421 -0.228691 0 -0.564461 0.223982 0.794491 0 -0.372727 -0.194687 1.63761 1 
0.825276 0.0831194 0.55858 0 0.0605074 0.970401 -0.233797 0 -0.561479 0.226745 0.795819 0 -0.503961 -0.219685 1.73645 1 
0.827364 0.0877312 0.554772 0 0.0575227 0.969297 -0.239071 0 -0.558713 0.229711 0.796915 0 -0.644205 -0.246466 1.83237 1 
0.829181 0.0924477 0.551282 0 0.0546483 0.968097 -0.244542 0 -0.556302 0.232896 0.797676 0 -0.795953 -0.27567 1.92707 1 
0.83071 0.0972814 0.54814 0 0.0518561 0.966811 -0.250173 0 -0.554286 0.236246 0.798095 0 -0.961701 -0.307945 2.02223 1 
0.830881 0.10261 0.546907 0 0.0499039 0.96515 -0.256895 0 -0.554207 0.240742 0.796805 0 -1.18419 -0.352061 2.10986 1 
0.828583 0.108743 0.549204 0 0.0498103 0.962748 -0.265773 0 -0.557646 0.247571 0.7923 0 -1.55579 -0.426736 2.16677 1 
0.826343 0.114648 0.551374 0 0.0501072 0.960208 -0.274753 0 -0.560933 0.254668 0.787717 0 -1.92736 -0.501828 2.22387 1 
0.825627 0.119355 0.551448 0 0.0506978 0.957722 -0.283194 0 -0.561934 0.261769 0.78467 0 -2.2533 -0.566815 2.29147 1 
0.825988 0.122612 0.550191 0 0.0521405 0.955253 -0.291159 0 -0.561271 0.269181 0.782634 0 -2.53634 -0.615116 2.36781 1 
0.827151 0.124828 0.547941 0 0.0540976 0.952805 -0.298725 0 -0.55937 0.276733 0.78136 0 -2.79013 -0.654765 2.44914 1 
0.830027 0.124638 0.543618 0 0.0572304 0.95053 -0.305314 0 -0.554779 0.284531 0.781833 0 -2.96892 -0.678096 2.54074 1 
0.838165 0.12019 0.532009 0 0.0616431 0.948293 -0.311352 0 -0.541922 0.293759 0.787418 0 -3.01657 -0.659212 2.65426 1 
0.84748 0.121558 0.516722 0 0.0590794 0.94578 -0.31939 0 -0.52753 0.301204 0.794348 0 -2.93036 -0.672709 2.76398 1 
0.85436 0.127441 0.503813 0 0.0525481 0.943311 -0.327723 0 -0.517018 0.306468 0.799231 0 -2.79077 -0.715982 2.86856 1 
0.858346 0.133807 0.495317 0 0.0462587 0.94128 -0.334444 0 -0.510982 0.309981 0.801754 0 -2.62382 -0.757985 2.97973 1 
0.854583 0.138547 0.500492 0 0.0436686 0.94117 -0.3351 0 -0.517475 0.308227 0.798258 0 -2.36609 -0.73816 3.12625 1 
0.850327 0.139084 0.507543 0 0.0449115 0.941746 -0.333313 0 -0.524335 0.30622 0.794545 0 -2.11052 -0.658068 3.2822 1 
0.845839 0.139137 0.514973 0 0.0464529 0.942505 -0.330948 0 -0.531411 0.303851 0.790744 0 -1.85032 -0.565177 3.44429 1 
0.840613 0.138284 0.523686 0 0.0480093 0.944031 -0.326344 0 -0.539504 0.299471 0.786926 0 -1.56843 -0.454786 3.62768 1 
0.833566 0.134489 0.535798 0 0.049878 0.947628 -0.315458 0 -0.550163 0.28968 0.783203 0 -1.27232 -0.289079 3.88995 1 
0.827417 0.131087 0.546074 0 0.0517386 0.950446 -0.306553 0 -0.559199 0.2819 0.779634 0 -1.06035 -0.156374 4.14849 1 
0.823073 0.12778 0.553375 0 0.0531074 0.952776 -0.298995 0 -0.565447 0.275483 0.777418 0 -0.936757 -0.0523588 4.33807 1 
0.824312 0.124386 0.552302 0 0.0535242 0.954073 -0.294755 0 -0.563599 0.272532 0.779796 0 -1.04436 -0.0218859 4.32431 1 
0.826975 0.122889 0.548645 0 0.052991 0.954441 -0.293656 0 -0.559737 0.271919 0.782787 0 -1.25286 -0.0315559 4.24312 1 
0.833862 0.124389 0.537775 0 0.0520759 0.952203 -0.300995 0 -0.549512 0.278993 0.787528 0 -1.52664 -0.0881319 4.06669 1 
0.844882 0.126216 0.51985 0 0.0510778 0.948295 -0.313253 0 -0.532508 0.291214 0.794751 0 -1.81066 -0.15526 3.84573 1 
0.86109 0.126438 0.49248 0 0.0485793 0.943698 -0.327223 0 -0.506126 0.305693 0.806467 0 -2.09762 -0.233869 3.58192 1 
0.886392 0.122942 0.446312 0 0.0429755 0.938076 -0.343755 0 -0.460937 0.323882 0.826219 0 -2.39193 -0.335472 3.23183 1 
0.913553 0.11845 0.38909 0 0.0328272 0.932057 -0.360821 0 -0.405394 0.342401 0.847595 0 -2.64673 -0.459495 2.80115 1 
0.937846 0.114843 0.327498 0 0.0182307 0.926056 -0.376944 0 -0.346571 0.359487 0.866405 0 -2.79288 -0.605931 2.24671 1 
0.955854 0.113224 0.271151 0 0.00143079 0.920978 -0.389613 0 -0.293838 0.372801 0.880158 0 -2.79291 -0.761464 1.58363 1 
0.966743 0.11409 0.228891 0 -0.0144275 0.917886 -0.396583 0 -0.255342 0.380092 0.889006 0 -2.64844 -0.90445 0.821999 1 
0.972596 0.115103 0.202012 0 -0.0262812 0.917715 -0.396368 0 -0.231013 0.380197 0.895591 0 -2.40626 -1.02977 0.0426198 1 
0.976987 0.114919 0.179693 0 -0.0359088 0.919042 -0.392521 0 -0.210253 0.377035 0.902019 0 -2.14964 -1.15428 -0.702967 1 
0.981187 0.11175 0.157432 0 -0.0429706 0.921402 -0.386227 0 -0.188219 0.372196 0.90887 0 -2.00026 -1.27015 -1.20932 1 
0.981241 0.107114 0.160291 0 -0.0387474 0.924052 -0.380297 0 -0.188853 0.366952 0.910868 0 -2.04993 -1.30256 -1.39185 1 
0.977643 0.102128 0.183803 0 -0.0269718 0.927814 -0.372067 0 -0.208534 0.358791 0.909826 0 -2.05811 -1.25364 -1.36514 1 
0.965523 0.096774 0.241662 0 -0.00377698 0.933442 -0.358708 0 -0.260291 0.345428 0.901625 0 -1.92069 -1.06529 -1.0197 1 
0.945891 0.0911829 0.311411 0 0.0221799 0.939292 -0.342401 0 -0.323727 0.330781 0.886445 0 -1.7541 -0.826219 -0.557956 1 
0.918604 0.0850979 0.385907 0 0.0483179 0.945026 -0.323406 0 -0.392213 0.315728 0.863993 0 -1.56466 -0.561719 -0.0361083 1 
0.884496 0.078367 0.459919 0 0.0729185 0.950456 -0.302185 0 -0.460814 0.300818 0.834961 0 -1.35369 -0.294022 0.496513 1 
0.845818 0.0710033 0.528725 0 0.0946179 0.955423 -0.279669 0 -0.525013 0.286576 0.801396 0 -1.12248 -0.0453649 0.990588 1 
0.805936 0.0629372 0.588647 0 0.112623 0.959873 -0.256825 0 -0.581191 0.27328 0.766509 0 -0.867302 0.159865 1.39292 1 
0.767993 0.0526433 0.638291 0 0.127228 0.964214 -0.232605 0 -0.627694 0.259848 0.733812 0 -0.474997 0.256749 1.58239 1 
0.736486 0.0426243 0.675109 0 0.137636 0.967694 -0.211246 0 -0.662303 0.248499 0.706826 0 -0.058705 0.29881 1.6504 1 
0.718345 0.0357308 0.694769 0 0.143335 0.969652 -0.198067 0 -0.680761 0.241865 0.691423 0 0.231932 0.351878 1.70611 1 
0.710953 0.030441 0.70258 0 0.146349 0.970785 -0.190154 0 -0.687843 0.238012 0.685727 0 0.457444 0.39237 1.71424 1 
0.705808 0.0256388 0.707939 0 0.148696 0.97172 -0.183441 0 -0.692621 0.234742 0.682035 0 0.632133 0.417514 1.69038 1 
0.705715 0.0218781 0.708158 0 0.149863 0.972297 -0.179385 0 -0.692465 0.232721 0.682886 0 0.684075 0.400538 1.62697 1 
0.707377 0.0184637 0.706596 0 0.150681 0.972741 -0.176265 0 -0.690589 0.231156 0.685313 0 0.728814 0.378175 1.57567 1 
0.709549 0.0151633 0.704493 0 0.151393 0.973141 -0.173425 0 -0.688201 0.229709 0.688196 0 0.76549 0.353748 1.52668 1 
0.714394 0.0124253 0.699633 0 0.151579 0.973354 -0.172063 0 -0.683128 0.228971 0.693475 0 0.773562 0.325359 1.4888 1 
0.72199 0.0129818 0.691781 0 0.148943 0.973468 -0.173715 0 -0.675682 0.228457 0.700901 0 0.73786 0.29695 1.4344 1 
0.728746 0.0150544 0.684619 0 0.14506 0.973676 -0.17582 0 -0.669244 0.227439 0.707378 0 0.711467 0.272581 1.36364 1 
0.735371 0.0173343 0.677443 0 0.14101 0.973877 -0.177987 0 -0.662832 0.226413 0.713716 0 0.685638 0.248774 1.29034 1 
0.74189 0.0197403 0.670231 0 0.136861 0.974065 -0.180183 0 -0.656405 0.225405 0.719948 0 0.660021 0.225181 1.21608 1 
0.748353 0.0221164 0.662932 0 0.132742 0.974233 -0.182347 0 -0.649883 0.224459 0.726134 0 0.634262 0.201442 1.14246 1 
0.749638 0.0225854 0.661462 0 0.131921 0.974264 -0.182773 0 -0.648567 0.224274 0.727366 0 0.629063 0.196645 1.12795 1 
0.749638 0.0225854 0.661462 0 0.131921 0.974264 -0.182773 0 -0.648567 0.224274 0.727366 0 0.629063 0.196645 1.12795 1 
0.749638 0.0225854 0.661462 0 0.131921 0.974264 -0.182773 0 -0.648567 0.224274 0.727366 0 0.629063 0.196645 1.12795 1 
0.749638 0.0225854 0.661462 0 0.131921 0.974264 -0.182773 0 -0.648567 0.224274 0.727366 0 0.629063 0.196645 1.12795 1 
0.749638 0.0225854 0.661462 0 0.131921 0.974264 -0.182773 0 -0.648567 0.224274 0.727366 0 0.629063 0.196645 1.12795 1 
0.749638 0.0225854 0.661462 0 0.131921 0.974264 -0.182773 0 -0.648567 0.224274 0.727366 0 0.629063 0.196645 1.12795 1 
0.749638 0.0225854 0.661462 0 0.131921 0.974264 -0.182773 0 -0.648567 0.224274 0.727366 0 0.629063 0.196645 1.12795 1 
0.749638 0.0225854 0.661462 0 0.131921 0.974264 -0.182773 0 -0.648567 0.224274 0.727366 0 0.629063 0.196645 1.12795 1 
0.749638 0.0225854 0.661462 0 0.131921 0.974264 -0.182773 0 -0.648567 0.224274 0.727366 0 0.629063 0.196645 1.12795 1 

mixamorig:Spine
0.766238 0.021955 0.642182 0 0.0806161 0.988235 -0.129975 0 -0.63748 0.151362 0.755453 0 1.67106 9.65864 -2.38155 1 
0.766158 0.0226311 0.642254 0 0.0800715 0.988231 -0.130341 0 -0.637645 0.151288 0.755328 0 1.61805 9.65967 -2.36246 1 
0.766438 0.024428 0.641854 0 0.0783887 0.98825 -0.131215 0 -0.637517 0.150883 0.755517 0 1.56393 9.66133 -2.33466 1 
0.767018 0.0278131 0.641023 0 0.0750694 0.988308 -0.132706 0 -0.637219 0.149909 0.755962 0 1.51557 9.66716 -2.28435 1 
0.777591 0.0329567 0.627906 0 0.0682988 0.988289 -0.136452 0 -0.62505 0.148989 0.766234 0 1.49395 9.64271 -2.32521 1 
0.790978 0.0384531 0.610635 0 0.0605285 0.98821 -0.140635 0 -0.608843 0.1482 0.779325 0 1.47496 9.60902 -2.3972 1 
0.803809 0.0445819 0.593215 0 0.0522924 0.988033 -0.14511 0 -0.592585 0.147661 0.791858 0 1.45453 9.5788 -2.44334 1 
0.814215 0.052862 0.578152 0 0.0431853 0.987572 -0.151115 0 -0.578955 0.148007 0.801814 0 1.42762 9.56645 -2.40045 1 
0.820749 0.0635161 0.567748 0 0.0331993 0.986818 -0.158393 0 -0.570324 0.14885 0.807821 0 1.39241 9.57778 -2.20643 1 
0.818008 0.0747087 0.570335 0 0.0239376 0.986249 -0.163522 0 -0.574709 0.147415 0.804971 0 1.34812 9.59927 -1.73406 1 
0.81817 0.0830508 0.568947 0 0.0169706 0.985594 -0.168274 0 -0.574727 0.147332 0.804974 0 1.2473 9.5777 -1.43013 1 
0.820711 0.0875937 0.564589 0 0.0142044 0.984744 -0.173427 0 -0.571167 0.150353 0.806946 0 1.09462 9.54351 -1.35325 1 
0.823209 0.0923537 0.560177 0 0.0111072 0.983872 -0.178529 0 -0.56763 0.153189 0.808906 0 0.941199 9.51023 -1.28476 1 
0.825764 0.0970318 0.555607 0 0.00806019 0.98296 -0.183645 0 -0.563958 0.156125 0.810911 0 0.786478 9.47646 -1.225 1 
0.828311 0.101606 0.550978 0 0.00513407 0.982 -0.18881 0 -0.560244 0.159222 0.81288 0 0.628195 9.44143 -1.17254 1 
0.830786 0.106053 0.546395 0 0.0024041 0.980987 -0.19406 0 -0.556587 0.162536 0.814735 0 0.464121 9.4044 -1.12596 1 
0.833124 0.110346 0.541967 0 -5.11204e-05 0.979911 -0.199434 0 -0.553086 0.166126 0.816393 0 0.292062 9.36461 -1.08382 1 
0.835266 0.114459 0.5378 0 -0.0021528 0.978767 -0.204966 0 -0.549841 0.170044 0.817777 0 0.109836 9.32129 -1.04469 1 
0.837201 0.118442 0.533915 0 -0.00396308 0.977555 -0.210644 0 -0.54688 0.174236 0.81888 0 -0.08531 9.27393 -1.00649 1 
0.838234 0.121233 0.531663 0 -0.00346011 0.976137 -0.217129 0 -0.545299 0.180165 0.818651 0 -0.327505 9.21021 -0.985705 1 
0.837653 0.12149 0.53252 0 0.00180882 0.974327 -0.22513 0 -0.5462 0.189544 0.815928 0 -0.69785 9.10699 -1.01529 1 
0.837153 0.121453 0.533314 0 0.00750613 0.972393 -0.233228 0 -0.546917 0.199251 0.81313 0 -1.06432 9.00179 -1.04567 1 
0.837864 0.121746 0.532129 0 0.0122161 0.970386 -0.241251 0 -0.545742 0.208636 0.811565 0 -1.38368 8.90724 -1.06109 1 
0.839516 0.121859 0.529493 0 0.016688 0.968282 -0.249303 0 -0.543078 0.21813 0.810855 0 -1.65262 8.82934 -1.06363 1 
0.841862 0.12189 0.525748 0 0.0208266 0.966099 -0.257331 0 -0.539291 0.227586 0.810783 0 -1.88793 8.76022 -1.05765 1 
0.845727 0.121722 0.519547 0 0.0241921 0.963888 -0.265205 0 -0.533067 0.23686 0.812242 0 -2.03811 8.70901 -1.03269 1 
0.854372 0.122038 0.50513 0 0.0248717 0.961317 -0.274319 0 -0.519067 0.246934 0.818287 0 -2.04956 8.69947 -0.983528 1 
0.863386 0.128608 0.487877 0 0.0183669 0.958315 -0.285122 0 -0.504209 0.255132 0.825034 0 -1.99836 8.65591 -0.959155 1 
0.869586 0.138547 0.473946 0 0.00881449 0.955321 -0.295439 0 -0.493703 0.261087 0.829512 0 -1.93124 8.58442 -0.941579 1 
0.872988 0.148621 0.464548 0 -0.000315091 0.952616 -0.304175 0 -0.487742 0.265395 0.831669 0 -1.83146 8.51972 -0.899678 1 
0.868954 0.156757 0.469411 0 -0.00538761 0.95145 -0.307757 0 -0.494864 0.264898 0.82761 0 -1.59566 8.53956 -0.757541 1 
0.86423 0.161558 0.476452 0 -0.00699221 0.950802 -0.30972 0 -0.503049 0.264338 0.822841 0 -1.32319 8.62674 -0.581226 1 
0.859131 0.166091 0.484053 0 -0.00825031 0.95024 -0.311409 0 -0.511689 0.263548 0.817751 0 -1.04295 8.72879 -0.392892 1 
0.852562 0.170749 0.493947 0 -0.00936341 0.949962 -0.312224 0 -0.522542 0.261565 0.8115 0 -0.740213 8.85734 -0.160719 1 
0.842086 0.174082 0.510477 0 -0.00885811 0.950815 -0.309633 0 -0.539271 0.256215 0.80221 0 -0.418474 9.06551 0.213523 1 
0.832987 0.17459 0.525024 0 -0.00648721 0.951926 -0.306258 0 -0.553254 0.251703 0.794075 0 -0.182005 9.23157 0.563996 1 
0.826102 0.174248 0.535904 0 -0.00415492 0.95285 -0.303412 0 -0.563505 0.248423 0.787876 0 -0.0406337 9.36313 0.83108 1 
0.826188 0.17183 0.536551 0 -0.00227143 0.953364 -0.301815 0 -0.563389 0.248138 0.788048 0 -0.145219 9.40855 0.858485 1 
0.828792 0.169782 0.533178 0 -8.78794e-05 0.952896 -0.303299 0 -0.559557 0.251325 0.789767 0 -0.361558 9.40298 0.786445 1 
0.837628 0.169399 0.51931 0 0.00260184 0.94945 -0.313908 0 -0.546235 0.264289 0.794845 0 -0.651088 9.31935 0.5331 1 
0.851499 0.168795 0.496444 0 0.00472691 0.944261 -0.329164 0 -0.524334 0.28263 0.80324 0 -0.956028 9.20507 0.184126 1 
0.870025 0.16675 0.463952 0 0.00427717 0.938475 -0.34532 0 -0.49299 0.302421 0.815783 0 -1.28501 9.07092 -0.227816 1 
0.896521 0.161497 0.412516 0 -0.00122385 0.932083 -0.362243 0 -0.443 0.324254 0.835829 0 -1.66462 8.90109 -0.756953 1 
0.923788 0.155383 0.349959 0 -0.0118585 0.925133 -0.379458 0 -0.38272 0.346389 0.85647 0 -2.05709 8.70464 -1.3731 1 
0.946804 0.151058 0.284153 0 -0.0279696 0.91827 -0.394966 0 -0.320592 0.366008 0.873647 0 -2.38779 8.48688 -2.10189 1 
0.9625 0.15081 0.225501 0 -0.0480851 0.912918 -0.4053 0 -0.266987 0.379258 0.885935 0 -2.59066 8.2717 -2.90129 1 
0.971099 0.155155 0.181364 0 -0.0688921 0.909749 -0.409402 0 -0.228516 0.385076 0.894146 0 -2.63044 8.09293 -3.73875 1 
0.974897 0.162329 0.152395 0 -0.0878393 0.909334 -0.406688 0 -0.204595 0.383093 0.900767 0 -2.52314 7.96583 -4.52017 1 
0.977065 0.169913 0.12835 0 -0.105677 0.910196 -0.400469 0 -0.184868 0.377721 0.907277 0 -2.37672 7.85669 -5.23114 1 
0.978669 0.175528 0.106758 0 -0.120809 0.912 -0.391996 0 -0.16617 0.370737 0.913751 0 -2.31251 7.76768 -5.67852 1 
0.977961 0.17551 0.113085 0 -0.119644 0.914972 -0.385372 0 -0.171107 0.363348 0.915806 0 -2.31927 7.7653 -5.80262 1 
0.974997 0.171688 0.141086 0 -0.107594 0.920234 -0.376288 0 -0.194436 0.3517 0.915698 0 -2.19632 7.8573 -5.69239 1 
0.965372 0.16157 0.204821 0 -0.0789839 0.929296 -0.360791 0 -0.248632 0.33212 0.909878 0 -1.79231 8.11085 -5.20723 1 
0.948117 0.148752 0.280974 0 -0.0463198 0.938989 -0.340813 0 -0.314528 0.310116 0.897162 0 -1.32386 8.41818 -4.57161 1 
0.922506 0.134054 0.361956 0 -0.0136121 0.948468 -0.316581 0 -0.385743 0.28712 0.876792 0 -0.827504 8.75003 -3.84419 1 
0.889141 0.11816 0.442116 0 0.016441 0.95722 -0.288892 0 -0.457338 0.264135 0.849161 0 -0.325018 9.08192 -3.07938 1 
0.850277 0.101954 0.516367 0 0.0418387 0.964863 -0.259401 0 -0.524671 0.242166 0.816135 0 0.16568 9.38969 -2.33717 1 
0.809481 0.0863143 0.580768 0 0.0615544 0.971209 -0.230137 0 -0.583911 0.222041 0.780862 0 0.638035 9.64822 -1.68256 1 
0.770419 0.0710291 0.633569 0 0.0759795 0.976462 -0.201862 0 -0.632994 0.203656 0.746889 0 1.20709 9.79738 -1.22838 1 
0.738054 0.0576585 0.672273 0 0.0855465 0.980306 -0.177994 0 -0.669296 0.18888 0.718587 0 1.75029 9.88173 -0.92809 1 
0.719655 0.0481171 0.692663 0 0.0907061 0.982531 -0.162494 0 -0.688382 0.179768 0.702719 0 2.1101 9.95876 -0.729852 1 
0.712592 0.0410119 0.700379 0 0.0935267 0.983827 -0.152767 0 -0.695317 0.174365 0.697231 0 2.37047 10.0131 -0.638428 1 
0.708275 0.0341633 0.705109 0 0.0964665 0.984775 -0.144613 0 -0.699314 0.170445 0.694196 0 2.57185 10.0498 -0.592341 1 
0.709232 0.0276481 0.704433 0 0.0991106 0.985396 -0.138461 0 -0.697973 0.168018 0.696134 0 2.63544 10.0399 -0.615465 1 
0.711662 0.0212171 0.702201 0 0.101308 0.985997 -0.132465 0 -0.695179 0.165409 0.699547 0 2.68721 10.023 -0.636919 1 
0.714521 0.0149394 0.699454 0 0.103395 0.986538 -0.126694 0 -0.691931 0.162846 0.703358 0 2.72953 10.0035 -0.659158 1 
0.71976 0.00976529 0.694154 0 0.104867 0.986898 -0.122619 0 -0.686256 0.16105 0.709306 0 2.73623 9.97775 -0.686699 1 
0.726798 0.00962417 0.686784 0 0.102979 0.987073 -0.122811 0 -0.679088 0.159982 0.716412 0 2.66924 9.95081 -0.762476 1 
0.732687 0.0115885 0.680467 0 0.0996035 0.987263 -0.12406 0 -0.673238 0.158674 0.7222 0 2.59963 9.92919 -0.858567 1 
0.738424 0.0138268 0.674195 0 0.0960442 0.987441 -0.125445 0 -0.667462 0.157384 0.727822 0 2.52894 9.90807 -0.95774 1 
0.744054 0.0162241 0.667923 0 0.0923796 0.987605 -0.126899 0 -0.661702 0.156122 0.733332 0 2.45745 9.88701 -1.05809 1 
0.749659 0.0185616 0.661564 0 0.0887664 0.987755 -0.1283 0 -0.655845 0.154906 0.738831 0 2.38604 9.86556 -1.15745 1 
0.750777 0.0190191 0.660282 0 0.0880501 0.987784 -0.12857 0 -0.654661 0.154666 0.73993 0 2.37174 9.8612 -1.17703 1 
0.750777 0.0190191 0.660282 0 0.0880501 0.987784 -0.12857 0 -0.654661 0.154666 0.73993 0 2.37174 9.8612 -1.17703 1 
0.750777 0.0190191 0.660282 0 0.0880501 0.987784 -0.12857 0 -0.654661 0.154666 0.73993 0 2.37174 9.8612 -1.17703 1 
0.750777 0.0190191 0.660282 0 0.0880501 0.987784 -0.12857 0 -0.654661 0.154666 0.73993 0 2.37174 9.8612 -1.17703 1 
0.750777 0.0190191 0.660282 0 0.0880501 0.987784 -0.12857 0 -0.654661 0.154666 0.73993 0 2.37174 9.8612 -1.17703 1 
0.750777 0.0190191 0.660282 0 0.0880501 0.987784 -0.12857 0 -0.654661 0.154666 0.73993 0 2.37174 9.8612 -1.17703 1 
0.750777 0.0190191 0.660282 0 0.0880501 0.987784 -0.12857 0 -0.654661 0.154666 0.73993 0 2.37174 9.8612 -1.17703 1 
0.750777 0.0190191 0.660282 0 0.0880501 0.987784 -0.12857 0 -0.654661 0.154666 0.73993 0 2.37174 9.8612 -1.17703 1 
0.750777 0.0190191 0.660282 0 0.0880501 0.987784 -0.12857 0 -0.654661 0.154666 0.73993 0 2.37174 9.8612 -1.17703 1 

mixamorig:Spine1
0.766658 0.00876008 0.641996 0 -0.0927432 0.990931 0.0972305 0 -0.635322 -0.134083 0.760518 0 2.61979 21.2887 -3.91117 1 
0.76598 0.00968062 0.642792 0 -0.0932978 0.990975 0.0962536 0 -0.636058 -0.133699 0.75997 0 2.56037 21.2897 -3.89638 1 
0.765589 0.0123939 0.643211 0 -0.0954363 0.99094 0.0944999 0 -0.636212 -0.133734 0.759835 0 2.48644 21.2916 -3.87887 1 
0.765703 0.0168533 0.642973 0 -0.0993554 0.990757 0.092351 0 -0.635474 -0.134596 0.7603 0 2.39902 21.2981 -3.8461 1 
0.776671 0.0256226 0.629385 0 -0.104643 0.990537 0.0888063 0 -0.621154 -0.134834 0.772002 0 2.29772 21.2734 -3.93105 1 
0.790564 0.0352032 0.611366 0 -0.110119 0.990245 0.0853772 0 -0.602396 -0.134819 0.786729 0 2.18729 21.2388 -4.05226 1 
0.803792 0.0461772 0.593116 0 -0.116611 0.989872 0.080965 0 -0.58337 -0.134243 0.801036 0 2.06993 21.2065 -4.15107 1 
0.814172 0.0614053 0.577367 0 -0.126116 0.989354 0.0726197 0 -0.566761 -0.13194 0.813249 0 1.93585 21.1887 -4.17884 1 
0.820386 0.0816563 0.56595 0 -0.13957 0.98841 0.0597077 0 -0.554515 -0.127973 0.822275 0 1.78311 21.1912 -4.07047 1 
0.819087 0.101189 0.564675 0 -0.154461 0.98687 0.0472068 0 -0.552484 -0.125887 0.823962 0 1.62983 21.2059 -3.65847 1 
0.821018 0.112759 0.559657 0 -0.162696 0.985863 0.0400435 0 -0.54723 -0.12393 0.827757 0 1.44701 21.1767 -3.41047 1 
0.824285 0.117184 0.553915 0 -0.163919 0.98584 0.0353685 0 -0.541927 -0.119951 0.831822 0 1.26178 21.1325 -3.39423 1 
0.827354 0.121821 0.548311 0 -0.165537 0.985723 0.0307788 0 -0.536734 -0.116231 0.835708 0 1.07191 21.0889 -3.38578 1 
0.830405 0.126284 0.542661 0 -0.167044 0.9856 0.0262576 0 -0.53153 -0.112453 0.839542 0 0.881333 21.0444 -3.38622 1 
0.833443 0.130466 0.536984 0 -0.168295 0.985496 0.0217717 0 -0.526355 -0.108517 0.843311 0 0.688614 20.9981 -3.39455 1 
0.836473 0.134254 0.531309 0 -0.169141 0.98544 0.0172842 0 -0.521253 -0.104324 0.847002 0 0.492413 20.9491 -3.40976 1 
0.8395 0.137533 0.525666 0 -0.169432 0.985459 0.0127547 0 -0.516268 -0.099772 0.850596 0 0.291459 20.8967 -3.43086 1 
0.842531 0.140186 0.520086 0 -0.169014 0.98558 0.00814453 0 -0.511445 -0.0947641 0.854075 0 0.0845002 20.8399 -3.45684 1 
0.845614 0.142168 0.514515 0 -0.167856 0.985805 0.00348116 0 -0.506716 -0.0893081 0.857475 0 -0.13195 20.7783 -3.48545 1 
0.848794 0.140734 0.509649 0 -0.162671 0.986679 -0.00154077 0 -0.503077 -0.0815974 0.860381 0 -0.368226 20.6979 -3.54098 1 
0.852714 0.130904 0.505711 0 -0.14795 0.988973 -0.00652821 0 -0.500989 -0.0692532 0.862678 0 -0.676564 20.5734 -3.66473 1 
0.856492 0.120858 0.501811 0 -0.132949 0.991053 -0.0117722 0 -0.498744 -0.0566325 0.864897 0 -0.975986 20.4454 -3.79041 1 
0.860509 0.113744 0.496575 0 -0.120816 0.992512 -0.0179817 0 -0.494902 -0.0445209 0.867808 0 -1.23992 20.3272 -3.90024 1 
0.864813 0.109123 0.490092 0 -0.110946 0.993501 -0.0254372 0 -0.489683 -0.0323752 0.871299 0 -1.45623 20.2246 -3.99755 1 
0.869378 0.106198 0.482601 0 -0.102743 0.994138 -0.0336778 0 -0.483348 -0.020305 0.875193 0 -1.64283 20.1298 -4.08605 1 
0.874589 0.107768 0.472736 0 -0.0988651 0.99414 -0.0437252 0 -0.474678 -0.00849551 0.880118 0 -1.75341 20.0525 -4.15376 1 
0.882694 0.11937 0.454535 0 -0.10398 0.992839 -0.0588141 0 -0.458301 0.00465245 0.888785 0 -1.75686 20.0127 -4.21185 1 
0.88982 0.135429 0.435752 0 -0.11455 0.990659 -0.0739754 0 -0.4417 0.0159094 0.897022 0 -1.78221 19.9339 -4.31462 1 
0.893964 0.151757 0.421661 0 -0.12668 0.988117 -0.0870521 0 -0.429861 0.0244055 0.902565 0 -1.82751 19.8271 -4.41845 1 
0.895669 0.167144 0.412116 0 -0.138561 0.98544 -0.0985296 0 -0.422585 0.0311466 0.905788 0 -1.83517 19.7306 -4.47936 1 
0.890581 0.179433 0.417934 0 -0.14786 0.983198 -0.107043 0 -0.430119 0.0335348 0.902149 0 -1.65906 19.7367 -4.37938 1 
0.88401 0.190896 0.426714 0 -0.15575 0.980941 -0.116174 0 -0.440758 0.0362385 0.896894 0 -1.40547 19.8163 -4.22617 1 
0.876572 0.202636 0.436533 0 -0.163481 0.978476 -0.125929 0 -0.452655 0.0390209 0.890832 0 -1.14005 19.9117 -4.05771 1 
0.866211 0.215775 0.450688 0 -0.171392 0.97554 -0.137648 0 -0.469365 0.0419877 0.882006 0 -0.850408 20.037 -3.83513 1 
0.847285 0.229502 0.478996 0 -0.176442 0.972233 -0.153725 0 -0.500975 0.0457338 0.864252 0 -0.522722 20.2552 -3.43039 1 
0.831325 0.235546 0.503406 0 -0.175911 0.9707 -0.163696 0 -0.527214 0.0475302 0.848402 0 -0.258351 20.4343 -3.0402 1 
0.818529 0.239187 0.522302 0 -0.173665 0.969685 -0.171905 0 -0.547586 0.0500036 0.835254 0 -0.0895317 20.5768 -2.73963 1 
0.816041 0.237972 0.526731 0 -0.169306 0.969753 -0.175827 0 -0.552641 0.0543032 0.831648 0 -0.171951 20.6282 -2.69343 1 
0.817869 0.236095 0.524737 0 -0.162427 0.969587 -0.183083 0 -0.552003 0.0645062 0.831344 0 -0.362593 20.6171 -2.78293 1 
0.830869 0.233536 0.505091 0 -0.151273 0.968283 -0.198857 0 -0.535512 0.0888172 0.839844 0 -0.620469 20.493 -3.16113 1 
0.850699 0.229146 0.47308 0 -0.139481 0.966123 -0.217145 0 -0.506811 0.118739 0.853841 0 -0.9004 20.3176 -3.68964 1 
0.874319 0.223019 0.431079 0 -0.1303 0.963428 -0.234154 0 -0.467534 0.148555 0.871403 0 -1.23467 20.1154 -4.29171 1 
0.904134 0.213728 0.369949 0 -0.125998 0.960758 -0.247121 0 -0.408248 0.176818 0.895583 0 -1.67902 19.8703 -5.02001 1 
0.933048 0.203189 0.296876 0 -0.125848 0.957436 -0.259767 0 -0.337022 0.205014 0.918905 0 -2.19665 19.5921 -5.83875 1 
0.955133 0.195155 0.222791 0 -0.131958 0.953833 -0.269794 0 -0.265157 0.22829 0.93679 0 -2.71695 19.2935 -6.75004 1 
0.967758 0.193708 0.161003 0 -0.144872 0.95095 -0.273323 0 -0.206051 0.241186 0.948352 0 -3.15655 19.0154 -7.67107 1 
0.97313 0.199367 0.115197 0 -0.162399 0.948943 -0.270431 0 -0.163231 0.244457 0.955822 0 -3.4412 18.7993 -8.5568 1 
0.973688 0.211271 0.0854186 0 -0.182725 0.947793 -0.261344 0 -0.136174 0.23886 0.961459 0 -3.55688 18.6673 -9.30629 1 
0.972362 0.225109 0.061955 0 -0.203342 0.946894 -0.249086 0 -0.114736 0.229604 0.966498 0 -3.62038 18.5683 -9.94407 1 
0.970327 0.237286 0.0464793 0 -0.220177 0.946542 -0.235754 0 -0.0999358 0.218525 0.970701 0 -3.73426 18.5006 -10.2917 1 
0.968304 0.242259 0.0608102 0 -0.222802 0.947796 -0.228129 0 -0.112902 0.20735 0.97173 0 -3.7273 18.5332 -10.3379 1 
0.965787 0.240619 0.0967386 0 -0.215414 0.952019 -0.217387 0 -0.144404 0.18911 0.97128 0 -3.46254 18.6871 -10.1207 1 
0.95924 0.227517 0.167618 0 -0.193412 0.961016 -0.197585 0 -0.206037 0.157112 0.965849 0 -2.72183 19.0473 -9.4532 1 
0.94503 0.209814 0.25079 0 -0.169565 0.970257 -0.172772 0 -0.279581 0.120749 0.952499 0 -1.86897 19.4687 -8.58247 1 
0.921779 0.188957 0.338555 0 -0.147786 0.978515 -0.143762 0 -0.358446 0.0824828 0.9299 0 -0.987699 19.9121 -7.56987 1 
0.889771 0.166188 0.425075 0 -0.130477 0.985103 -0.112021 0 -0.437359 0.0442103 0.8982 0 -0.131532 20.347 -6.47921 1 
0.851136 0.142984 0.505097 0 -0.118911 0.989694 -0.0797887 0 -0.5113 0.00784942 0.859367 0 0.658058 20.7447 -5.38993 1 
0.809458 0.120841 0.574609 0 -0.112996 0.992361 -0.0495165 0 -0.576203 -0.024847 0.816929 0 1.36244 21.0779 -4.39094 1 
0.768587 0.0998245 0.631909 0 -0.110365 0.993631 -0.0227309 0 -0.630154 -0.0522698 0.774709 0 2.10126 21.2889 -3.60399 1 
0.73464 0.0815472 0.673538 0 -0.109638 0.993971 -0.000759058 0 -0.669539 -0.0732875 0.739152 0 2.75704 21.4185 -3.02282 1 
0.716213 0.0682254 0.694539 0 -0.109482 0.993872 0.0152693 0 -0.689241 -0.0869756 0.719293 0 3.17757 21.5217 -2.64216 1 
0.710412 0.0583943 0.70136 0 -0.108398 0.993739 0.0270591 0 -0.695388 -0.0952487 0.712294 0 3.47114 21.5913 -2.43627 1 
0.708306 0.0498784 0.704141 0 -0.105994 0.993706 0.0362312 0 -0.697903 -0.100298 0.709135 0 3.70712 21.6391 -2.29422 1 
0.712346 0.0413313 0.70061 0 -0.101576 0.993825 0.0446488 0 -0.694438 -0.102971 0.712146 0 3.80182 21.6365 -2.24495 1 
0.717368 0.0316573 0.695975 0 -0.0971945 0.993746 0.0549804 0 -0.689881 -0.107086 0.715958 0 3.87945 21.6267 -2.19583 1 
0.72262 0.0220757 0.690892 0 -0.0928115 0.993538 0.0653277 0 -0.684986 -0.11133 0.72 0 3.94634 21.6136 -2.15015 1 
0.729827 0.0142183 0.683484 0 -0.0887406 0.993295 0.0740944 0 -0.677848 -0.114729 0.726195 0 3.97035 21.5921 -2.12974 1 
0.736215 0.0123599 0.676635 0 -0.0878302 0.993122 0.0774229 0 -0.671024 -0.116429 0.732237 0 3.88114 21.5672 -2.20777 1 
0.740824 0.012528 0.671583 0 -0.0884802 0.992934 0.0790801 0 -0.665846 -0.118006 0.736698 0 3.77182 21.5478 -2.31857 1 
0.745177 0.0129686 0.666741 0 -0.0892854 0.992749 0.0804794 0 -0.660863 -0.119502 0.740932 0 3.65923 21.5288 -2.43404 1 
0.749403 0.0135641 0.661975 0 -0.0901687 0.992567 0.0817393 0 -0.655946 -0.120945 0.745055 0 3.54461 21.5096 -2.5515 1 
0.753665 0.0140935 0.657107 0 -0.0909617 0.992386 0.0830435 0 -0.650934 -0.122359 0.749209 0 3.43069 21.49 -2.66735 1 
0.75453 0.0141886 0.656113 0 -0.0911103 0.992349 0.083317 0 -0.649911 -0.122644 0.75005 0 3.40796 21.4859 -2.69011 1 
0.75453 0.0141886 0.656113 0 -0.0911103 0.992349 0.083317 0 -0.649911 -0.122644 0.75005 0 3.40796 21.4859 -2.69011 1 
0.75453 0.0141886 0.656113 0 -0.0911103 0.992349 0.083317 0 -0.649911 -0.122644 0.75005 0 3.40796 21.4859 -2.69011 1 
0.75453 0.0141886 0.656113 0 -0.0911103 0.992349 0.083317 0 -0.649911 -0.122644 0.75005 0 3.40796 21.4859 -2.69011 1 
0.75453 0.0141886 0.656113 0 -0.0911103 0.992349 0.083317 0 -0.649911 -0.122644 0.75005 0 3.40796 21.4859 -2.69011 1 
0.75453 0.0141886 0.656113 0 -0.0911103 0.992349 0.083317 0 -0.649911 -0.122644 0.75005 0 3.40796 21.4859 -2.69011 1 
0.75453 0.0141886 0.656113 0 -0.0911103 0.992349 0.083317 0 -0.649911 -0.122644 0.75005 0 3.40796 21.4859 -2.69011 1 
0.75453 0.0141886 0.656113 0 -0.0911103 0.992349 0.083317 0 -0.649911 -0.122644 0.75005 0 3.40796 21.4859 -2.69011 1 
0.75453 0.0141886 0.656113 0 -0.0911103 0.992349 0.083317 0 -0.649911 -0.122644 0.75005 0 3.40796 21.4859 -2.69011 1 

mixamorig:Spine2
0.768528 -0.00394526 0.639804 0 -0.258693 0.912683 0.316367 0 -0.585187 -0.40865 0.700401 0 1.37242 34.6164 -2.60344 1 
0.767236 -0.00305821 0.641357 0 -0.25945 0.913035 0.314725 0 -0.586545 -0.407869 0.69972 0 1.30555 34.618 -2.6018 1 
0.766041 0.000217544 0.642791 0 -0.262128 0.913179 0.312079 0 -0.586915 -0.407559 0.69959 0 1.20285 34.6194 -2.60787 1 
0.765527 0.00550084 0.64338 0 -0.26652 0.912848 0.309314 0 -0.585607 -0.408262 0.700276 0 1.06272 34.6235 -2.604 1 
0.776269 0.0180109 0.630145 0 -0.269859 0.912869 0.306345 0 -0.569722 -0.407856 0.713492 0 0.890297 34.5958 -2.73663 1 
0.789992 0.0319425 0.612284 0 -0.272525 0.912861 0.303999 0 -0.54922 -0.40702 0.729858 0 0.706214 34.5573 -2.90396 1 
0.802769 0.0477035 0.594379 0 -0.276633 0.91283 0.300359 0 -0.528239 -0.405544 0.745988 0 0.501542 34.52 -3.06211 1 
0.811841 0.0686725 0.579826 0 -0.285524 0.912915 0.291653 0 -0.509303 -0.40233 0.76075 0 0.239629 34.4952 -3.20213 1 
0.815699 0.0958861 0.570474 0 -0.300827 0.912642 0.276743 0 -0.494103 -0.397353 0.773287 0 -0.0940663 34.485 -3.26742 1 
0.812291 0.121405 0.570477 0 -0.319303 0.911071 0.26076 0 -0.488087 -0.393968 0.778819 0 -0.447629 34.4791 -3.02356 1 
0.813558 0.136612 0.565208 0 -0.328111 0.910337 0.252251 0 -0.480069 -0.390672 0.785436 0 -0.741195 34.4362 -2.8719 1 
0.817803 0.142254 0.557639 0 -0.32767 0.911669 0.247976 0 -0.473107 -0.385517 0.792178 0 -0.942877 34.3917 -2.91853 1 
0.821793 0.148126 0.550196 0 -0.327697 0.912809 0.243709 0 -0.466124 -0.380576 0.79868 0 -1.15451 34.3466 -2.97182 1 
0.825768 0.153761 0.542646 0 -0.327582 0.913958 0.239523 0 -0.459126 -0.375552 0.805087 0 -1.36536 34.3005 -3.03307 1 
0.829789 0.158961 0.53496 0 -0.327101 0.915193 0.235429 0 -0.452167 -0.370342 0.811413 0 -1.57491 34.2527 -3.10172 1 
0.83391 0.163524 0.527118 0 -0.326026 0.916595 0.23143 0 -0.44531 -0.364846 0.817672 0 -1.78249 34.203 -3.17729 1 
0.83819 0.167244 0.519103 0 -0.324125 0.918246 0.227522 0 -0.438613 -0.358961 0.823872 0 -1.98735 34.1508 -3.25932 1 
0.842683 0.169906 0.510899 0 -0.321164 0.920223 0.223701 0 -0.432133 -0.352592 0.830024 0 -2.18869 34.0957 -3.3473 1 
0.84748 0.171369 0.502405 0 -0.316994 0.92255 0.220039 0 -0.425785 -0.345738 0.836165 0 -2.38956 34.0371 -3.43863 1 
0.853517 0.167322 0.49347 0 -0.307066 0.926639 0.21691 0 -0.420975 -0.336665 0.842281 0 -2.5561 33.9684 -3.56171 1 
0.863068 0.149351 0.482502 0 -0.282646 0.934516 0.216314 0 -0.418599 -0.323071 0.848764 0 -2.66645 33.8748 -3.75253 1 
0.871994 0.13114 0.471623 0 -0.25802 0.941877 0.21516 0 -0.415994 -0.309306 0.855148 0 -2.76411 33.7748 -3.94874 1 
0.879783 0.118066 0.460481 0 -0.238046 0.947886 0.21177 0 -0.411481 -0.295927 0.862039 0 -2.86486 33.6762 -4.14209 1 
0.886938 0.109408 0.448744 0 -0.221905 0.953008 0.20624 0 -0.405092 -0.282501 0.869536 0 -2.94842 33.5869 -4.33967 1 
0.893608 0.104352 0.43655 0 -0.209015 0.957455 0.19898 0 -0.397213 -0.269055 0.8774 0 -3.02469 33.5006 -4.53901 1 
0.899008 0.110572 0.423744 0 -0.206112 0.960566 0.186632 0 -0.386398 -0.255122 0.886346 0 -3.08312 33.4234 -4.74185 1 
0.905112 0.132118 0.404126 0 -0.215196 0.962111 0.167433 0 -0.366693 -0.238512 0.899249 0 -3.15535 33.3661 -5.00288 1 
0.909224 0.156842 0.385631 0 -0.229144 0.961915 0.149038 0 -0.347569 -0.223874 0.910536 0 -3.32287 33.2579 -5.30957 1 
0.910475 0.17992 0.372375 0 -0.244312 0.960495 0.133274 0 -0.333686 -0.212318 0.918463 0 -3.53131 33.117 -5.58928 1 
0.909532 0.200848 0.363883 0 -0.259256 0.95845 0.118993 0 -0.324864 -0.202567 0.923813 0 -3.69877 32.9845 -5.80456 1 
0.901936 0.216691 0.373573 0 -0.272974 0.956348 0.104327 0 -0.334659 -0.196072 0.921715 0 -3.64774 32.9604 -5.81908 1 
0.891386 0.234187 0.388056 0 -0.287819 0.953861 0.085491 0 -0.350131 -0.187895 0.917662 0 -3.50026 33.0096 -5.78867 1 
0.879402 0.252251 0.40376 0 -0.302686 0.950857 0.0652068 0 -0.367469 -0.179555 0.912538 0 -3.33882 33.0719 -5.75142 1 
0.863905 0.271719 0.424073 0 -0.318334 0.947062 0.0416813 0 -0.390297 -0.171005 0.904668 0 -3.15558 33.1577 -5.68645 1 
0.83937 0.290158 0.459637 0 -0.331502 0.943403 0.00982635 0 -0.430772 -0.160618 0.888053 0 -2.89581 33.3314 -5.49794 1 
0.819054 0.298516 0.489937 0 -0.334862 0.94216 -0.0142463 0 -0.465852 -0.152393 0.871641 0 -2.6243 33.49 -5.24187 1 
0.802548 0.303638 0.513537 0 -0.334017 0.94192 -0.0349293 0 -0.494316 -0.143498 0.857356 0 -2.42527 33.6187 -5.0517 1 
0.798667 0.302224 0.520376 0 -0.32667 0.943975 -0.0468711 0 -0.505388 -0.132557 0.85265 0 -2.44906 33.6711 -5.05825 1 
0.800168 0.299847 0.519445 0 -0.31546 0.946995 -0.0607046 0 -0.510114 -0.11529 0.852345 0 -2.54719 33.6578 -5.24534 1 
0.816342 0.296445 0.495688 0 -0.297314 0.951474 -0.0793845 0 -0.495167 -0.08257 0.864865 0 -2.65505 33.5161 -5.83569 1 
0.840711 0.290418 0.457014 0 -0.27664 0.955907 -0.0985483 0 -0.465483 -0.0435778 0.883983 0 -2.77637 33.3117 -6.61018 1 
0.868695 0.282166 0.407126 0 -0.257952 0.95935 -0.114496 0 -0.422883 -0.00555693 0.906167 0 -2.98717 33.0732 -7.44101 1 
0.902424 0.270169 0.335618 0 -0.242699 0.962383 -0.122129 0 -0.355988 0.0287581 0.934048 0 -3.37365 32.7922 -8.34372 1 
0.932667 0.256857 0.253291 0 -0.231062 0.96457 -0.127336 0 -0.277025 0.0602363 0.958973 0 -3.88927 32.4693 -9.33254 1 
0.953779 0.246482 0.171907 0 -0.226179 0.965455 -0.129385 0 -0.19786 0.0845226 0.976579 0 -4.49175 32.1223 -10.3787 1 
0.964107 0.243863 0.105015 0 -0.230323 0.964902 -0.126153 0 -0.132093 0.0974379 0.986437 0 -5.10503 31.8054 -11.3472 1 
0.966296 0.250905 0.057606 0 -0.242994 0.962858 -0.117723 0 -0.0850037 0.0997574 0.991374 0 -5.62541 31.5623 -12.194 1 
0.963113 0.267605 0.0282837 0 -0.263427 0.959062 -0.10395 0 -0.0549434 0.0926651 0.99418 0 -6.01448 31.4149 -12.8213 1 
0.957749 0.287526 0.00669989 0 -0.28588 0.954296 -0.0871263 0 -0.0314448 0.0815298 0.996175 0 -6.35528 31.3038 -13.2942 1 
0.952219 0.305413 -0.001268 0 -0.304756 0.949879 -0.0696745 0 -0.0200751 0.0667318 0.997569 0 -6.69557 31.2313 -13.4625 1 
0.949065 0.314322 0.0218363 0 -0.312522 0.947911 -0.061595 0 -0.0400595 0.0516333 0.997862 0 -6.72391 31.2807 -13.4061 1 
0.947136 0.31397 0.0660023 0 -0.311151 0.949064 -0.0496229 0 -0.0782205 0.026463 0.996585 0 -6.3598 31.4915 -13.0445 1 
0.943894 0.29739 0.143607 0 -0.296844 0.95458 -0.0257208 0 -0.144734 -0.0183513 0.9893 0 -5.32317 31.9727 -12.1107 1 
0.932967 0.274302 0.233088 0 -0.282893 0.959145 0.00358215 0 -0.222583 -0.0692812 0.972449 0 -4.14957 32.5184 -10.9062 1 
0.912364 0.246725 0.32668 0 -0.273097 0.961286 0.0367044 0 -0.304977 -0.122703 0.944422 0 -2.97538 33.0728 -9.50342 1 
